111
512 838 196
903 787 751
965 556 646
270 745 648
263 736 923
987 856 269
204 673 637
75 395 827
846 910 283
866 269 886
432 971 134
409 388 924
179 457 476
41 14 863
617 731 252
153 751 636
429 471 740
950 818 387
17 1000 441
966 61 514
638 780 834
736 792 255
875 356 963
793 146 269
174 616 809
350 592 755
683 649 456
720 840 402
494 867 707
802 768 620
607 870 371
391 624 151
946 817 706
506 724 16
475 236 258
221 424 923
76 278 913
85 357 62
352 195 135
978 795 948
927 242 402
263 872 176
393 94 484
289 807 934
676 725 895
389 688 577
773 638 10
515 853 971
748 763 60
986 417 925
537 887 894
58 667 676
542 17 883
540 512 641
688 622 226
623 404 891
328 47 804
926 37 971
781 266 463
978 348 873
987 89 354
242 542 443
817 821 792
656 875 11
528 669 761
136 974 254
435 534 25
332 435 136
867 195 13
354 718 553
223 928 942
803 677 252
853 268 316
229 242 374
435 328 361
310 466 270
137 930 282
143 627 645
235 844 248
561 621 709
636 483 715
108 985 830
960 86 557
788 429 252
135 670 460
708 724 941
616 985 435
293 706 774
715 31 167
626 162 985
71 309 255
669 42 184
612 218 732
164 471 521
253 215 914
444 46 108
363 95 404
875 155 800
197 841 909
459 897 270
6 96 458
518 42 637
655 403 167
516 657 855
970 248 607
86 703 757
904 578 34
662 324 212
774 125 628
406 86 615
154 497 710
