4752
989 453 518
898 117 76
593 911 817
85 269 757
643 994 148
833 491 208
308 142 389
349 944 703
362 662 432
749 504 207
390 367 224
429 990 768
396 482 358
105 224 168
924 823 71
677 339 329
405 745 470
598 711 486
249 467 856
595 383 475
435 248 931
153 326 41
323 595 415
155 307 45
366 586 744
101 587 376
804 155 78
771 530 71
72 287 115
974 51 933
603 978 992
419 362 968
354 995 893
431 684 790
179 769 549
714 425 777
260 675 152
44 653 319
239 335 25
822 905 541
97 510 945
581 508 94
591 848 102
67 873 816
691 453 661
612 174 474
437 956 788
332 356 213
965 83 427
63 219 482
665 770 26
534 630 540
544 549 250
887 83 747
95 21 733
698 34 594
511 159 40
244 650 663
918 429 468
118 604 566
954 577 347
449 320 509
41 457 226
947 81 85
91 238 61
808 925 123
480 744 818
256 803 922
262 703 434
4 874 232
918 888 254
548 793 413
4 192 869
286 371 976
790 291 991
55 917 580
345 454 172
703 412 557
286 471 436
333 488 518
500 150 714
655 359 363
120 74 977
171 879 192
306 411 203
228 81 438
303 805 992
550 609 702
757 41 781
833 872 555
539 568 294
472 386 957
419 81 379
965 365 522
349 563 667
741 367 391
994 671 46
315 267 610
894 727 453
467 742 265
178 915 109
339 562 614
32 213 779
790 11 156
431 409 286
34 919 198
273 914 228
220 314 177
654 233 21
659 693 586
771 783 859
236 234 724
833 373 292
803 166 360
1000 626 567
693 108 547
17 893 401
218 160 529
516 392 26
850 204 458
562 696 512
633 296 967
531 384 367
554 592 705
775 358 366
155 125 548
939 84 225
400 930 614
81 871 466
955 157 777
399 814 694
65 798 255
663 408 743
439 88 357
790 737 502
155 671 274
878 890 341
659 564 475
476 304 269
438 447 902
643 883 991
95 127 812
595 323 173
152 164 892
398 290 128
397 837 16
439 550 749
964 397 145
507 953 97
677 458 816
305 254 924
903 346 364
282 513 694
570 637 110
562 359 72
909 817 187
361 595 512
795 363 407
262 150 458
850 500 70
395 474 531
663 896 179
652 731 916
573 645 276
637 688 567
541 193 492
376 899 377
879 629 241
786 655 978
225 22 377
2 590 952
809 570 791
506 879 488
850 275 370
462 547 927
563 446 632
863 322 860
756 366 743
299 754 467
238 658 400
141 858 396
732 683 943
115 426 605
340 938 543
252 153 605
335 179 119
798 957 560
767 983 671
421 47 240
867 868 950
239 964 958
767 199 867
853 454 149
492 149 667
203 494 874
811 668 626
948 632 928
476 643 990
979 104 67
273 409 242
954 322 254
366 965 8
481 222 408
748 713 202
939 968 176
201 986 774
278 519 547
345 173 792
386 266 444
830 57 396
380 349 294
280 569 414
639 416 548
126 22 909
385 626 396
498 529 400
561 462 810
478 648 807
613 80 610
842 915 645
820 688 190
146 143 832
824 584 249
905 637 955
907 173 829
487 727 860
972 595 494
305 164 933
712 566 465
477 41 878
781 458 8
824 114 198
908 283 852
669 70 202
163 74 300
439 88 138
519 443 942
334 561 762
63 202 307
657 938 669
498 661 62
455 280 732
307 844 643
705 859 879
417 839 507
517 719 797
789 461 365
346 648 898
925 269 536
460 56 751
903 766 915
722 307 807
306 716 313
824 831 129
94 774 298
931 919 970
946 285 155
319 773 794
442 963 603
858 900 37
601 293 219
271 296 698
989 614 628
988 745 468
1000 463 844
522 270 557
296 849 302
14 149 881
343 385 493
983 705 404
97 820 828
38 588 110
987 231 925
88 933 286
680 473 498
574 320 609
944 129 671
673 884 11
729 900 55
581 459 228
979 879 822
108 560 425
689 235 760
837 114 338
345 805 849
311 478 42
459 608 449
894 174 925
989 259 322
883 912 307
350 993 148
905 337 480
665 225 196
64 508 701
443 295 501
576 844 700
139 515 966
632 945 720
686 712 336
355 659 99
873 39 966
707 835 821
30 466 365
606 52 239
618 831 605
334 665 990
201 903 914
492 259 882
309 979 757
450 660 10
708 668 617
118 970 548
878 402 73
686 250 926
576 439 542
489 479 353
550 99 200
374 396 74
928 907 832
243 981 120
922 605 172
122 695 812
117 123 96
953 901 701
137 359 143
479 816 11
210 541 651
341 236 767
942 451 307
983 443 742
461 11 489
800 677 486
319 862 949
875 855 488
744 710 247
758 473 984
213 435 478
151 950 513
251 679 293
766 619 85
231 139 346
861 351 816
738 277 789
435 302 450
395 752 80
706 489 567
493 294 85
759 16 159
974 641 139
248 156 297
233 422 423
643 901 953
519 787 884
846 470 452
787 250 363
916 511 311
24 912 485
288 268 210
983 786 382
261 96 839
843 607 859
264 31 771
670 572 190
113 641 277
292 98 219
814 742 994
28 226 332
481 686 535
827 40 931
374 29 948
238 991 6
845 483 120
140 931 19
222 325 205
601 586 767
978 788 88
272 589 236
891 787 280
529 650 58
575 117 101
501 66 766
922 144 918
920 863 525
710 600 378
289 661 479
314 649 541
42 291 678
593 279 557
46 129 645
847 683 147
327 96 2
897 45 240
783 910 730
189 227 28
472 90 353
709 698 750
32 260 816
539 801 921
853 168 368
35 504 307
194 167 324
289 588 452
507 583 911
116 505 829
731 124 292
817 131 450
229 577 139
997 341 643
984 635 86
541 421 676
135 558 489
982 493 134
779 955 380
615 255 255
224 940 223
284 631 98
827 555 987
967 635 864
991 745 364
438 680 748
846 456 951
843 808 456
179 555 968
319 328 831
52 283 424
700 737 435
619 459 435
70 807 139
132 750 162
485 598 361
252 579 833
989 570 213
851 188 423
188 485 806
47 43 489
975 278 301
564 740 219
220 682 843
868 29 810
408 836 561
474 973 47
374 178 823
666 713 119
583 243 57
931 293 746
100 931 357
924 459 329
185 931 682
913 117 70
548 126 488
97 626 338
112 957 558
956 545 399
712 17 81
575 461 719
965 507 761
756 616 391
307 95 420
401 47 328
918 739 588
458 256 401
982 210 341
652 909 740
949 438 188
558 136 29
490 65 555
924 462 455
290 154 581
187 207 985
67 632 136
357 521 163
373 951 726
815 608 324
946 548 967
829 441 137
714 547 274
513 21 394
113 259 797
536 569 231
169 469 461
197 745 29
77 977 103
458 853 28
293 172 946
856 820 963
133 964 139
336 936 143
244 48 626
818 856 854
339 902 527
241 96 147
212 137 774
131 99 184
920 886 492
639 252 860
944 734 22
939 902 895
73 231 426
944 917 54
175 48 263
768 714 496
965 847 1
958 99 230
18 151 187
252 119 581
994 556 683
793 850 448
723 90 175
726 334 597
315 741 298
338 176 689
618 182 244
593 816 407
844 42 866
251 358 188
984 417 104
926 220 471
858 212 88
971 472 161
765 318 896
674 664 661
172 993 974
217 70 734
420 583 747
62 196 208
414 64 70
276 453 151
50 852 965
761 597 230
623 10 380
399 124 870
448 995 994
762 302 848
7 448 628
784 208 466
438 951 635
970 465 217
971 636 148
326 550 343
248 214 875
471 255 29
265 477 134
949 888 766
270 92 539
552 200 310
739 53 299
780 585 661
865 25 969
94 781 445
455 194 72
700 21 252
908 931 675
825 345 32
562 484 679
492 601 216
302 630 164
802 219 152
145 208 5
825 309 916
266 475 663
382 190 559
278 38 857
307 212 233
725 558 672
488 866 137
320 237 325
262 377 728
300 129 48
467 796 220
370 984 501
187 219 505
506 477 958
260 461 341
895 426 981
789 368 702
918 394 683
675 123 174
313 899 175
951 767 612
886 308 806
812 938 194
576 851 578
573 751 806
777 942 714
182 690 558
185 911 453
964 793 283
532 668 600
346 715 731
425 186 393
694 648 511
227 780 553
270 768 153
554 839 412
959 105 63
871 236 450
218 664 640
289 294 766
59 785 745
556 841 890
708 957 335
256 428 751
143 271 872
106 537 60
563 885 838
525 953 369
526 238 465
383 769 130
490 654 973
621 502 707
261 101 27
716 934 666
557 921 802
163 731 713
219 510 246
2 803 266
907 963 674
623 16 806
61 981 79
14 319 763
443 368 105
212 932 573
936 602 769
969 357 659
353 386 276
873 440 572
429 119 462
380 600 727
898 880 635
681 6 754
917 196 899
408 101 685
107 250 944
5 591 97
133 530 192
674 89 144
337 640 352
600 668 783
264 236 312
4 280 58
164 822 827
57 505 635
70 498 947
548 484 935
246 867 710
47 107 222
439 506 525
792 387 399
922 157 114
571 804 680
212 996 211
749 108 945
878 163 290
850 947 329
726 646 497
957 366 441
38 302 509
670 997 569
267 445 673
728 843 3
718 152 87
300 36 1
239 296 980
739 817 115
187 291 78
13 41 902
370 579 992
188 41 556
683 431 983
458 125 1
513 960 401
439 189 284
556 648 664
607 731 114
625 594 125
228 982 724
810 115 34
909 839 274
868 977 961
386 244 278
411 737 477
197 1 64
158 286 392
922 513 634
787 316 853
150 708 608
444 386 371
889 436 665
733 572 878
689 740 904
891 859 660
225 349 90
256 65 315
102 130 844
950 382 894
203 761 60
320 262 211
224 681 924
466 186 630
709 414 425
394 328 892
705 286 882
953 847 439
923 239 336
709 383 44
285 725 67
817 417 922
842 714 387
521 850 453
152 211 160
771 735 966
116 89 67
930 931 348
562 758 651
723 695 413
688 216 537
373 333 130
595 719 153
423 707 136
149 359 115
141 426 81
299 696 500
429 728 527
569 788 817
120 600 637
129 924 405
866 223 708
7 772 913
482 430 717
967 149 144
401 343 143
663 219 822
873 738 430
54 572 785
508 694 554
529 935 320
732 836 38
933 593 579
733 319 349
262 913 630
695 365 963
851 524 873
556 701 370
393 196 750
871 364 492
541 186 707
259 380 252
911 476 185
759 517 174
124 161 620
396 939 133
520 457 266
407 357 41
994 422 458
371 351 24
697 461 226
406 692 861
504 665 833
775 400 116
77 97 581
904 467 416
551 792 400
81 454 897
865 47 631
557 112 47
787 917 137
977 776 986
412 695 67
24 709 239
173 722 191
950 724 273
155 175 844
810 36 949
905 635 338
480 607 117
177 225 108
406 175 806
169 108 447
431 361 36
331 50 422
331 512 673
202 926 327
522 762 869
415 682 192
759 613 612
331 559 436
599 282 309
986 583 702
864 175 983
868 376 938
353 782 573
352 485 11
309 348 710
806 876 727
669 829 10
93 367 846
254 795 118
526 803 347
432 97 648
643 938 466
452 784 709
726 709 488
603 944 34
758 388 861
551 166 988
791 96 475
307 39 547
771 757 595
817 811 447
669 399 1
474 680 429
142 104 449
163 326 358
574 805 89
951 928 864
463 494 445
252 165 588
980 713 333
253 915 11
370 439 108
396 145 606
727 910 29
780 375 374
202 15 900
932 730 335
194 559 200
539 257 112
758 477 532
114 191 272
837 82 568
326 299 46
384 220 930
221 190 281
832 76 904
312 587 483
41 891 28
936 316 54
973 542 996
175 896 915
582 467 247
396 798 11
181 928 670
146 773 716
439 500 563
941 786 502
147 597 453
215 11 806
798 683 463
468 178 757
251 660 670
194 361 369
795 798 805
805 696 989
502 474 516
684 792 264
127 321 711
400 521 578
965 200 130
898 717 477
270 46 313
715 13 142
318 577 521
441 815 246
180 635 706
569 866 494
171 651 873
211 703 191
578 62 241
656 918 784
813 101 380
361 802 888
876 237 447
824 309 604
788 941 356
73 147 829
241 233 439
266 774 968
870 941 919
29 687 636
466 27 738
841 911 816
235 149 426
120 698 338
26 934 541
186 273 55
806 87 785
187 114 915
882 978 192
661 635 331
877 906 86
442 790 241
343 242 439
81 483 198
173 170 211
144 270 252
449 577 896
528 22 238
113 760 231
581 782 510
741 711 187
138 585 378
556 616 648
476 175 271
759 752 204
274 27 97
889 118 574
416 530 765
943 42 618
676 721 650
95 986 7
416 351 270
808 229 430
45 921 322
342 892 981
690 228 712
382 488 576
308 172 577
585 736 425
67 758 935
126 68 228
133 484 286
621 663 410
62 931 629
385 550 259
687 600 504
660 333 36
825 354 371
833 414 340
95 615 657
391 237 96
585 882 751
248 439 657
130 303 53
240 693 847
503 73 452
850 347 239
273 467 510
751 679 867
228 735 357
228 300 855
494 856 415
515 197 588
29 216 322
915 64 98
897 808 216
652 631 28
668 565 538
567 772 891
13 202 4
983 842 697
653 972 99
242 997 362
332 867 99
625 40 620
516 870 242
884 812 133
939 599 283
440 814 348
317 694 723
383 937 726
465 589 494
166 450 152
566 95 812
359 294 871
59 688 264
84 865 146
448 276 781
410 266 524
564 616 338
16 706 555
737 964 422
315 404 328
5 128 273
367 821 203
682 661 555
282 25 203
64 429 16
828 502 310
700 258 555
822 493 828
709 766 75
985 767 10
436 409 661
878 902 491
278 155 249
995 398 775
136 530 145
703 826 550
471 28 405
877 428 377
444 560 765
173 703 250
556 1000 160
632 428 425
970 291 957
800 832 830
460 801 303
861 711 517
619 280 482
242 311 330
544 527 491
264 406 35
75 334 325
317 134 732
852 228 563
656 493 701
768 830 314
828 337 29
871 311 742
32 652 197
708 595 187
637 224 136
837 21 850
511 321 341
44 680 162
522 596 833
12 971 766
124 718 57
584 727 21
81 255 586
930 311 667
567 506 514
174 250 886
335 116 900
850 926 526
252 679 585
595 876 957
502 432 732
761 193 272
975 655 267
964 322 445
851 93 533
301 224 829
304 663 282
886 533 172
184 217 763
270 614 199
45 390 417
986 513 134
187 987 134
635 667 84
496 337 947
782 375 885
388 892 257
441 961 382
514 987 483
28 709 793
804 492 729
816 572 969
946 201 217
960 633 851
275 798 789
450 612 336
867 621 605
645 196 298
754 432 835
173 556 434
694 705 86
715 844 402
649 47 293
589 894 187
843 253 310
66 777 547
91 504 625
915 271 471
337 9 85
124 958 209
202 952 915
558 778 441
759 993 866
682 990 241
400 90 773
263 907 904
225 200 373
861 319 739
515 297 518
886 622 843
23 644 55
749 992 878
29 953 921
475 595 338
768 555 668
128 844 927
341 712 678
87 311 876
636 172 852
376 555 602
278 208 83
366 731 122
460 570 50
537 336 701
403 30 521
312 486 182
436 748 545
745 394 880
763 631 112
85 144 32
1000 197 103
222 246 333
376 955 866
712 548 812
325 869 413
752 42 965
265 573 776
633 193 856
415 741 191
684 792 843
150 27 837
464 764 742
470 13 517
602 48 896
708 656 834
140 14 238
63 46 933
141 299 274
876 343 333
199 101 386
303 997 310
970 238 999
305 449 672
182 602 578
407 616 764
493 935 724
28 779 148
204 273 785
845 338 105
379 570 417
682 164 310
866 205 366
237 963 488
51 791 124
853 440 401
19 698 151
517 10 698
626 664 606
141 696 333
712 692 317
538 998 603
67 196 486
192 578 771
917 55 407
374 824 924
474 933 424
434 18 235
613 54 244
193 548 380
324 894 126
279 368 336
166 219 205
917 577 172
133 660 583
253 569 970
714 51 265
506 49 488
179 185 203
99 519 77
505 256 796
585 618 922
953 223 846
859 68 961
357 184 333
539 93 932
314 580 560
483 373 615
133 974 66
477 793 202
516 611 838
872 76 931
528 347 869
797 637 517
991 987 738
747 996 959
819 460 826
380 160 416
580 64 856
73 317 451
626 214 816
208 346 937
640 24 823
525 800 67
654 290 810
919 510 290
318 939 577
624 559 45
104 989 31
891 670 676
669 668 268
452 885 762
570 557 574
194 958 470
512 587 820
535 924 659
225 886 610
49 342 640
479 257 902
244 939 571
407 943 523
682 245 281
987 270 429
135 346 530
664 149 456
185 602 767
120 311 388
706 917 678
973 452 46
89 393 574
801 835 546
307 140 164
758 961 25
852 946 460
533 807 151
814 441 363
905 715 826
919 339 774
512 423 528
145 911 896
142 418 554
219 851 568
867 570 930
830 974 728
924 540 370
686 157 17
451 855 144
316 686 755
628 569 250
153 803 212
566 580 960
875 733 90
4 29 938
320 289 669
246 467 959
16 845 127
655 554 575
907 77 981
871 205 873
700 908 464
483 151 381
844 281 365
763 220 893
552 517 1
670 470 879
982 506 979
509 47 435
769 993 93
109 911 532
649 667 771
445 956 252
396 320 400
556 201 493
521 989 142
34 124 228
568 563 958
985 783 526
76 203 937
803 408 670
765 933 109
92 626 147
15 82 340
798 604 756
207 393 465
204 11 658
710 957 73
865 23 68
37 724 256
902 178 577
257 483 645
230 142 973
471 419 626
135 891 917
713 893 6
631 128 188
53 545 401
38 715 273
314 174 279
761 330 281
367 755 205
71 145 532
560 135 310
868 128 977
50 195 749
924 174 954
842 947 1000
724 784 895
799 264 555
599 262 766
950 384 905
281 558 944
173 10 138
737 386 179
431 492 363
574 180 747
300 372 482
577 262 895
692 68 755
936 108 932
647 286 268
319 809 687
106 907 687
242 514 142
636 340 831
969 746 478
827 816 622
292 995 812
841 616 658
208 474 691
303 712 28
344 869 406
373 151 37
996 658 519
907 43 561
919 730 764
114 837 670
785 658 249
987 909 469
439 786 845
604 148 807
187 599 356
44 591 921
699 931 187
71 609 498
509 30 35
806 244 77
271 11 157
998 998 50
663 748 483
500 48 96
353 383 24
448 254 159
983 243 747
77 518 689
496 175 136
560 240 912
245 760 432
697 654 867
757 916 790
619 569 563
818 385 399
54 314 598
120 40 565
264 731 118
716 212 207
243 443 408
113 152 952
911 860 507
90 238 489
376 572 351
851 951 481
821 973 88
828 10 375
45 635 692
5 418 479
644 501 904
144 637 324
492 457 492
735 89 810
339 188 862
68 731 308
799 842 498
31 529 340
552 365 282
585 970 368
339 401 780
134 28 508
963 177 873
587 529 698
905 678 72
783 409 202
439 258 896
139 955 290
927 224 932
147 506 475
319 498 875
727 43 848
506 238 798
975 768 903
809 995 414
650 139 880
964 216 256
726 139 178
367 720 289
315 691 763
2 91 69
998 815 411
791 406 692
248 242 462
380 381 195
844 781 701
577 885 550
360 896 290
458 910 423
486 397 829
343 237 66
759 520 948
249 429 392
784 608 557
229 840 322
120 590 828
908 595 618
286 62 939
933 758 101
51 563 606
766 380 419
179 346 325
809 710 153
956 430 38
851 943 855
116 31 580
335 957 554
321 399 48
11 976 509
56 428 455
83 694 957
113 145 799
803 138 529
617 396 40
361 274 289
378 132 92
774 193 977
998 486 366
819 591 124
972 932 691
590 45 628
733 142 623
584 578 468
531 467 11
206 211 423
986 639 367
317 166 529
390 482 15
412 141 50
221 394 862
433 661 527
52 80 822
864 589 329
293 820 783
841 566 833
528 877 462
689 877 314
745 654 228
50 200 553
486 248 18
217 430 896
609 1000 555
833 620 321
837 758 156
701 299 18
756 366 32
575 61 540
119 330 81
878 878 768
172 232 377
202 52 32
266 855 306
884 832 92
485 854 403
37 955 668
831 603 993
635 326 176
702 569 153
53 136 187
377 286 184
38 959 241
598 339 259
290 363 796
497 529 610
588 185 197
871 94 779
989 99 199
173 472 705
452 103 803
149 586 571
370 646 13
660 638 630
617 201 429
424 138 996
847 744 550
746 689 670
928 123 510
774 458 81
917 779 823
387 408 554
634 717 315
855 462 344
586 13 28
310 934 592
797 335 338
583 652 303
340 307 344
567 141 642
949 918 674
96 825 22
473 341 828
962 95 557
347 165 160
274 64 493
573 815 952
193 968 315
259 526 963
502 533 651
705 184 371
438 220 25
741 240 640
408 609 687
874 291 407
745 139 221
112 235 784
986 803 184
43 183 126
704 531 658
632 268 986
323 184 991
866 276 780
457 294 380
270 374 60
140 185 838
449 810 91
189 946 579
896 701 755
242 252 749
197 340 281
50 675 321
134 265 265
162 545 60
411 957 774
592 447 852
683 729 619
623 641 500
701 271 27
347 933 847
153 460 790
757 840 168
708 587 524
890 691 687
713 24 367
497 903 776
34 35 61
781 105 606
514 646 221
810 39 151
372 560 277
241 516 503
271 389 122
180 808 412
98 291 999
36 412 898
213 529 995
891 538 947
933 913 461
779 74 670
948 952 468
421 996 477
458 452 379
992 323 421
800 602 581
425 732 680
588 16 795
526 510 22
459 287 402
958 638 382
910 1 743
834 629 919
109 43 131
6 114 462
472 198 146
951 99 292
852 923 785
305 111 224
605 26 911
980 777 867
431 75 518
214 592 962
378 518 178
737 211 662
531 942 615
397 497 743
745 435 717
87 362 285
966 332 181
555 618 893
653 400 750
101 460 669
874 322 784
329 590 486
352 267 470
844 571 654
882 680 978
460 803 155
245 345 19
264 455 51
497 264 690
636 445 433
457 605 203
903 93 978
767 265 499
520 192 225
445 638 53
175 412 813
933 964 897
722 254 68
461 22 560
950 109 703
360 324 943
886 212 342
761 762 970
305 310 642
778 826 183
175 929 437
830 839 721
327 732 392
407 317 837
416 169 154
413 429 988
943 298 348
728 84 241
340 944 309
294 70 766
493 177 735
545 907 94
32 782 515
72 222 870
288 114 113
252 526 299
107 609 28
977 837 764
935 936 840
940 204 688
88 942 769
247 550 723
730 523 303
941 509 121
710 952 305
497 308 832
9 762 919
80 562 955
332 789 822
633 635 16
511 961 819
640 261 330
67 378 501
469 416 967
806 294 9
690 33 538
809 237 678
479 520 123
256 974 636
6 940 328
294 489 960
488 71 275
750 881 345
34 226 994
462 569 782
839 23 974
524 742 570
906 260 971
452 594 581
920 371 799
421 426 779
77 215 822
814 512 940
741 910 196
343 26 416
752 318 976
802 680 783
935 268 376
398 419 782
814 843 910
369 855 730
998 621 794
738 845 380
270 658 501
541 731 233
224 620 691
802 411 719
349 821 504
222 530 457
39 379 573
380 361 944
714 866 682
529 326 186
677 70 54
7 947 643
83 76 562
950 966 620
657 873 329
984 839 382
921 169 359
436 793 279
487 211 567
637 191 288
158 37 905
351 786 315
274 619 266
733 48 489
125 883 260
53 381 776
346 153 285
435 226 669
409 745 406
685 248 918
515 292 152
318 827 243
653 498 806
719 957 516
994 12 375
823 82 752
771 879 734
607 709 537
548 831 588
717 469 795
324 233 270
947 799 306
166 802 860
433 817 683
683 555 801
90 797 463
679 912 116
355 964 985
433 888 6
640 514 205
125 443 708
951 691 836
886 558 47
909 376 264
915 835 209
110 783 289
444 302 547
178 883 973
616 371 544
483 854 546
432 657 966
565 337 744
32 285 517
992 696 228
329 844 199
750 463 545
798 887 879
167 970 90
726 871 452
250 548 969
124 138 589
907 464 618
975 573 915
352 365 381
566 54 941
936 107 75
32 223 370
203 648 589
848 350 127
9 191 83
568 650 469
362 860 290
16 938 77
146 998 47
681 117 220
400 953 775
77 344 381
319 288 588
630 123 47
983 474 263
512 775 2
251 93 756
921 500 239
748 833 870
643 633 73
526 930 102
562 687 971
673 217 915
694 279 517
975 365 971
927 191 293
11 519 34
600 156 529
19 583 545
795 849 801
329 618 587
355 288 120
740 287 690
830 342 838
770 650 30
514 214 746
635 322 515
816 900 733
743 977 807
516 502 383
171 426 320
857 743 840
778 80 823
307 784 539
918 704 281
992 742 967
667 828 813
710 79 68
542 959 265
103 557 250
336 368 488
813 319 943
432 919 639
254 744 186
301 486 305
154 722 848
688 799 79
961 465 29
34 475 211
24 382 510
329 428 772
1 667 146
911 806 202
817 814 120
218 779 222
300 522 12
136 774 239
19 349 465
563 625 964
958 6 777
100 970 688
305 71 431
97 253 422
298 55 186
607 224 474
778 218 124
249 339 656
613 783 461
54 105 626
17 793 312
57 283 885
872 80 195
92 185 469
499 628 653
931 640 187
898 117 629
918 769 302
479 201 390
823 914 446
479 769 785
56 892 294
639 967 199
887 251 737
439 476 866
388 3 169
691 944 442
156 89 657
650 478 796
864 561 526
428 862 422
291 256 253
568 254 734
436 510 78
592 873 951
936 668 653
915 450 896
753 848 580
970 194 566
770 418 670
43 34 187
401 99 329
45 311 650
53 646 12
873 971 52
416 479 579
178 37 125
996 856 355
269 61 40
910 771 552
401 63 861
998 170 319
481 560 617
609 339 747
261 880 916
876 666 688
911 717 376
812 45 864
964 677 679
405 43 521
870 347 768
976 949 152
932 771 430
609 487 420
822 81 511
416 485 748
822 321 861
709 244 467
575 833 942
316 731 531
675 301 869
852 953 1
247 898 506
25 694 731
701 759 777
241 458 64
377 25 427
910 201 862
407 579 598
603 71 643
416 437 328
85 192 629
155 604 155
149 352 698
676 948 480
894 97 612
346 722 213
679 218 245
84 387 967
461 576 882
115 627 163
739 187 566
232 423 888
311 325 907
697 955 997
828 435 937
275 387 298
50 408 283
816 490 716
868 264 552
581 54 948
47 457 764
606 960 518
761 825 804
153 723 599
540 502 500
777 285 774
639 478 715
885 411 17
944 765 848
116 886 578
233 657 690
950 594 947
292 527 933
37 179 600
651 723 837
252 39 347
937 843 83
577 159 812
712 438 166
210 806 445
728 49 741
140 403 54
979 897 497
238 334 762
375 886 935
274 514 1000
918 406 453
823 741 10
303 188 30
312 823 674
314 836 526
206 83 155
177 768 531
239 104 334
111 949 392
603 382 600
900 796 316
254 634 292
420 511 419
504 890 792
580 680 307
963 666 271
821 213 329
65 629 375
398 821 13
941 511 379
170 347 56
431 713 210
330 684 263
76 512 37
583 963 517
36 663 759
38 946 719
443 943 647
119 145 247
422 814 632
192 711 22
39 196 752
973 226 884
171 286 821
16 94 743
136 578 199
407 532 665
58 508 741
710 285 973
914 88 135
420 455 200
770 522 198
876 613 855
305 873 340
659 84 705
82 48 369
674 440 994
436 974 414
989 851 349
289 26 337
308 730 743
22 27 528
363 977 381
141 135 71
537 109 740
838 917 168
643 347 646
964 705 448
412 32 666
757 131 899
529 27 822
542 814 344
201 556 513
666 809 313
238 335 803
249 745 330
537 434 326
820 186 497
601 849 160
946 839 466
211 770 392
893 412 628
155 167 962
384 551 158
463 355 139
462 948 865
463 939 451
675 972 661
757 137 671
623 414 234
144 30 285
812 674 883
883 57 935
558 126 615
525 298 555
36 673 923
900 782 828
225 958 196
7 586 511
424 27 13
718 758 504
495 717 82
307 494 306
956 916 557
445 86 966
498 336 517
795 401 662
405 15 971
665 522 746
216 402 233
737 902 110
943 309 652
572 545 673
706 923 258
263 48 366
842 754 463
809 810 928
741 391 239
942 901 698
796 702 717
292 755 150
372 292 933
344 496 202
992 526 747
951 733 549
305 810 993
803 324 979
214 926 251
442 906 599
103 383 610
36 710 506
382 59 891
273 673 728
605 571 192
154 720 605
720 704 651
83 167 854
468 804 997
188 440 443
294 350 548
884 131 614
81 995 946
610 66 97
414 383 191
622 633 244
313 230 940
658 478 332
168 781 777
656 588 527
180 939 138
827 560 285
660 478 592
699 770 513
124 194 966
501 331 990
274 111 752
721 613 260
676 571 284
153 513 728
725 782 435
647 718 303
85 45 913
951 82 314
818 420 955
439 115 109
672 537 80
495 112 602
948 128 541
710 66 735
345 757 348
894 874 249
551 400 720
441 805 566
569 196 136
992 32 960
495 421 714
869 800 694
892 576 326
973 153 578
386 16 468
106 265 211
301 384 570
371 242 178
854 5 790
695 738 602
242 238 233
286 542 956
591 381 768
787 59 101
447 488 761
502 552 330
927 215 592
961 370 788
308 266 223
795 845 402
18 532 283
416 797 731
494 142 671
860 315 860
683 934 309
45 135 115
509 120 554
998 590 666
629 242 602
401 763 644
944 702 273
462 145 873
423 919 653
545 792 305
631 944 637
105 198 242
117 709 843
480 567 649
254 696 811
649 122 947
764 314 880
581 262 368
739 961 851
762 54 299
75 360 322
250 769 179
706 232 689
178 377 303
181 661 122
746 711 332
911 994 60
879 971 194
88 837 967
655 696 436
408 896 242
74 79 715
140 221 651
547 784 780
946 741 711
637 263 228
288 69 422
727 752 125
249 351 311
590 2 284
313 994 129
473 226 784
62 276 156
266 96 99
156 82 18
223 876 920
25 953 982
110 840 45
618 488 734
5 705 188
284 782 637
404 462 849
426 438 294
161 337 551
254 738 182
188 609 327
580 699 529
674 495 411
215 659 427
976 515 98
269 818 793
755 680 466
914 117 322
382 147 707
27 894 319
670 494 879
655 124 35
40 793 52
634 144 763
462 911 549
379 386 347
18 274 185
543 807 134
263 829 193
137 869 204
243 677 613
381 848 117
811 118 860
486 860 529
434 905 620
370 233 466
843 653 189
208 345 663
226 593 362
128 3 435
671 317 198
623 630 292
590 653 924
904 898 927
176 153 60
920 548 561
675 651 156
160 661 832
356 379 415
559 600 424
175 552 591
826 662 43
454 436 53
895 10 780
905 911 106
59 621 615
990 612 992
342 892 674
403 516 500
333 862 291
924 591 497
732 620 514
551 495 624
866 848 22
51 533 427
862 451 612
955 161 568
543 790 554
581 68 556
611 82 462
902 520 461
845 194 713
519 395 397
379 685 531
549 472 25
995 863 985
216 474 121
729 804 174
322 321 607
155 544 827
149 749 285
71 171 969
532 197 984
912 665 406
963 249 303
666 647 209
72 446 972
201 679 68
468 672 535
177 467 623
748 584 186
808 196 340
402 141 701
291 224 701
749 314 624
103 779 680
266 837 603
120 504 482
159 788 779
164 533 423
738 569 946
985 336 803
172 106 418
20 965 42
703 436 350
718 414 805
810 46 268
130 652 86
667 30 486
138 131 292
194 766 8
528 274 558
734 293 735
967 954 362
928 606 125
819 246 785
111 561 384
278 437 419
641 897 877
398 942 911
934 601 303
30 834 959
279 619 721
550 729 271
122 873 859
489 73 68
123 570 444
835 293 748
53 414 749
137 705 553
536 25 183
428 606 201
246 198 925
633 95 915
40 404 27
921 201 367
900 801 669
40 888 962
871 293 36
893 529 867
851 292 275
512 886 612
292 651 161
492 131 216
683 639 191
674 289 596
604 665 955
962 170 935
163 615 525
297 176 662
141 856 850
765 212 660
365 564 510
222 718 885
648 248 637
68 374 787
657 429 913
921 408 992
785 223 49
106 928 251
8 742 86
879 816 478
455 42 986
156 687 399
998 456 641
992 104 279
812 597 281
844 68 929
522 29 42
567 822 956
375 776 672
593 47 175
767 156 786
424 787 561
558 626 898
67 165 138
629 995 887
748 595 185
425 48 438
365 913 855
744 580 866
45 66 196
757 313 800
913 253 834
820 310 428
384 487 357
210 571 610
261 223 668
966 222 472
397 536 352
424 423 729
846 736 454
553 79 405
451 995 925
518 781 508
269 748 181
503 8 76
311 513 211
775 733 458
247 189 351
81 196 301
954 26 315
132 221 372
958 753 342
594 740 686
62 467 239
586 176 77
180 831 229
864 972 90
669 441 628
37 560 151
38 390 785
919 37 566
244 755 629
175 904 267
935 195 27
966 433 383
442 207 826
454 217 727
851 651 818
36 217 284
386 423 638
82 995 151
630 38 184
173 438 457
802 617 447
175 184 764
697 736 996
200 831 141
232 807 365
896 633 772
92 357 465
810 809 251
506 12 432
786 641 769
491 622 710
390 908 441
109 199 911
436 778 243
724 766 28
742 182 275
652 756 316
829 278 264
160 239 383
39 375 283
707 398 930
490 203 639
142 527 596
196 533 96
53 63 796
485 893 399
773 64 503
381 521 787
944 83 96
60 819 429
997 171 21
361 639 577
771 670 341
411 259 855
881 403 476
38 211 914
710 749 703
557 740 732
544 935 883
843 461 238
325 675 339
670 350 462
919 404 876
249 576 791
804 278 416
703 37 787
215 735 5
142 94 880
324 288 810
73 934 294
74 67 35
609 5 565
749 12 75
403 361 836
959 125 518
417 919 481
159 42 573
1 309 967
333 205 704
290 641 813
495 785 444
591 911 119
122 167 522
746 19 7
167 293 659
855 297 834
520 819 606
359 808 602
686 908 515
896 361 113
764 742 593
33 843 403
909 6 644
239 231 158
163 479 881
245 888 598
996 544 636
667 689 699
433 36 737
475 308 722
865 722 144
808 291 792
454 177 87
168 180 352
29 12 289
805 555 892
731 3 562
525 27 931
952 473 419
711 942 114
248 580 688
690 351 4
204 783 678
10 941 159
877 978 414
714 455 436
308 138 86
547 639 512
662 10 742
440 942 718
180 683 422
450 716 890
976 598 840
966 508 694
423 51 563
724 127 583
174 153 595
192 165 61
392 171 567
519 22 710
707 542 317
797 167 839
650 734 497
921 433 624
239 70 700
98 452 152
759 138 941
402 298 421
731 877 422
725 447 319
847 900 550
721 733 137
401 463 304
590 118 601
844 491 219
396 379 127
749 458 256
649 837 385
520 451 139
34 693 346
67 214 259
470 865 728
239 537 398
146 595 925
75 757 243
630 930 451
116 388 45
473 881 442
414 575 194
23 907 757
114 415 888
437 522 379
236 280 61
695 142 837
747 229 944
441 361 159
780 207 189
649 445 833
446 732 451
493 178 751
675 17 193
531 366 568
759 805 811
245 43 346
810 429 156
379 303 693
841 843 595
52 893 498
480 304 209
514 845 730
19 12 855
844 76 922
366 905 644
302 842 231
495 908 116
592 303 272
817 613 565
337 977 766
198 116 418
852 311 149
121 533 909
503 628 573
461 616 450
877 996 513
788 693 342
939 68 694
940 261 443
58 773 639
697 977 844
565 663 563
340 470 258
517 333 237
238 679 452
99 931 278
495 742 97
496 782 572
849 958 82
739 565 179
86 437 755
538 950 844
121 979 632
575 564 181
988 709 113
580 543 960
154 713 589
534 140 676
250 510 338
237 475 46
375 744 831
897 77 432
623 812 491
281 470 256
976 525 751
679 683 356
466 108 626
260 603 872
214 70 426
705 553 23
144 908 513
116 851 79
191 966 389
723 428 53
517 410 939
145 705 278
290 240 905
1 792 167
318 163 836
742 198 385
866 715 875
888 106 337
582 446 756
50 864 610
160 294 492
899 782 477
86 802 404
848 35 721
914 706 207
859 940 498
204 894 720
611 748 622
897 976 957
724 992 891
984 716 177
476 733 759
536 372 115
839 916 116
332 332 873
558 262 715
172 919 574
840 1000 427
453 13 208
917 357 819
366 140 920
231 146 132
38 102 169
20 516 589
204 625 200
792 749 528
161 137 724
135 169 377
656 386 510
476 236 915
721 314 131
888 102 696
429 219 699
784 54 915
56 753 618
54 97 346
963 173 794
259 864 42
142 493 256
192 777 383
820 491 631
624 148 188
514 865 548
29 857 566
302 524 225
275 223 434
311 62 399
570 333 287
443 621 974
221 327 228
316 400 361
620 153 452
765 783 585
541 891 457
1 240 724
675 386 49
56 421 812
182 23 995
851 983 669
119 907 303
200 263 819
315 866 21
60 657 24
522 75 349
71 377 122
208 305 120
804 880 937
72 278 346
11 283 809
242 918 930
656 452 60
51 584 56
570 967 972
331 649 369
475 15 394
251 253 803
537 487 251
43 879 41
239 694 108
632 472 903
127 29 325
939 648 270
9 368 646
38 662 449
525 11 976
123 957 312
18 295 550
279 797 761
595 995 58
355 399 100
825 977 485
518 705 908
59 444 996
647 283 55
290 359 354
499 778 169
346 321 184
197 882 167
344 373 656
595 659 559
820 540 128
188 899 258
971 598 289
431 876 240
674 782 816
767 535 291
824 540 991
307 64 362
851 129 166
168 233 195
807 758 291
613 714 288
875 205 890
254 465 845
943 540 172
242 319 960
35 321 709
898 166 514
329 82 964
978 594 675
476 4 980
340 395 274
227 356 960
332 295 540
434 627 616
830 744 604
624 593 855
29 992 727
538 603 369
590 157 490
803 772 523
611 235 848
352 91 1000
139 402 604
247 309 135
613 29 450
727 294 828
672 445 981
239 271 657
407 827 59
825 324 704
235 244 929
857 365 610
711 943 347
576 631 186
592 825 894
390 730 659
57 82 112
527 664 641
885 746 576
34 502 817
290 673 841
265 651 377
294 600 452
28 884 778
736 846 14
258 425 466
649 904 150
847 479 96
961 26 527
268 271 87
447 75 670
136 955 69
763 460 173
33 484 145
928 914 260
29 593 996
645 540 230
250 102 901
933 386 301
402 433 738
206 570 342
452 724 92
735 650 748
476 701 609
599 447 675
431 80 992
184 795 916
78 501 706
479 103 304
603 885 767
328 322 76
726 302 724
789 459 813
868 149 871
57 809 710
385 79 272
992 395 880
839 277 686
45 857 225
928 463 924
796 918 707
702 902 848
309 163 145
764 912 458
447 466 462
317 403 168
165 699 818
399 245 895
647 642 686
547 478 541
137 443 299
4 766 543
697 739 737
554 815 196
615 195 721
545 730 225
906 711 989
281 216 712
653 548 140
660 3 12
732 338 765
764 332 694
541 410 55
932 710 90
52 322 452
957 529 476
174 336 912
129 251 739
390 432 154
366 402 253
764 246 262
192 53 261
719 428 603
627 463 377
375 208 350
592 88 370
937 983 50
602 623 186
885 395 387
363 141 431
514 174 115
249 678 741
329 305 390
6 939 312
620 306 314
607 365 364
821 472 756
66 185 34
323 234 675
562 516 276
792 60 91
562 676 773
350 765 460
443 318 490
695 739 459
43 876 300
131 491 472
191 256 401
826 26 633
182 674 253
670 860 123
422 90 932
549 40 678
19 268 681
188 103 921
835 399 753
573 393 248
114 384 147
15 600 432
290 947 954
724 558 796
747 874 407
654 496 786
115 414 276
54 3 260
862 303 29
726 709 785
36 680 493
153 869 96
848 892 865
558 57 554
682 94 721
871 970 452
873 676 943
253 793 352
865 52 24
343 649 685
11 452 36
506 159 925
395 939 704
582 394 686
131 927 257
285 254 238
161 238 946
402 17 968
910 242 409
855 27 260
730 243 559
866 152 30
284 114 16
508 935 722
1 635 929
367 849 364
324 231 1000
244 387 994
768 363 213
451 605 939
778 92 864
456 262 603
988 273 616
44 122 582
151 728 813
279 691 990
90 743 395
748 492 772
457 264 10
463 464 392
242 691 526
624 390 468
986 598 633
411 583 116
612 526 891
828 314 972
541 698 606
167 817 920
206 678 207
442 749 748
118 859 871
409 625 286
777 771 958
111 437 284
349 957 725
241 794 545
264 315 109
661 944 259
869 426 807
227 601 127
395 998 917
18 121 362
955 43 857
330 411 83
645 175 949
761 363 868
896 311 990
296 682 821
296 25 295
265 656 197
113 861 506
776 897 799
852 593 277
992 644 469
527 763 709
857 262 790
299 629 720
34 839 914
490 220 259
566 648 446
474 214 750
338 309 639
855 291 861
626 966 980
446 559 650
97 210 988
506 437 491
202 109 934
191 15 862
281 632 571
308 408 942
769 120 997
898 941 105
228 127 81
805 60 317
209 43 512
869 472 207
887 433 176
412 67 162
34 901 147
624 507 841
638 678 183
210 920 600
27 455 893
729 454 98
939 952 262
400 328 273
21 176 503
703 325 87
804 569 464
204 435 618
250 642 167
285 80 711
348 297 628
292 951 144
405 275 111
383 496 144
362 10 225
314 991 582
213 621 347
507 359 544
299 890 456
680 866 272
453 976 785
849 345 97
920 679 866
429 368 909
321 254 997
376 228 486
132 436 70
69 163 896
599 803 86
95 264 248
577 892 37
862 468 130
661 574 817
634 952 979
649 290 628
550 204 550
335 50 465
233 705 520
398 429 412
107 384 122
800 870 978
532 552 892
917 367 605
686 23 809
984 237 754
551 828 968
649 129 693
565 818 621
522 936 267
357 726 551
330 392 397
903 316 204
404 385 307
226 26 390
694 492 761
996 489 518
360 7 937
754 256 343
105 83 488
59 731 122
747 502 849
884 638 255
70 603 983
468 840 87
647 469 471
625 285 791
101 785 30
471 401 722
390 532 614
949 244 586
497 949 303
715 38 720
255 364 172
737 52 897
731 621 570
706 391 59
960 508 16
993 601 784
988 978 508
952 57 538
962 840 127
603 726 43
343 294 655
218 164 521
376 882 137
830 774 68
342 537 471
283 508 72
987 395 47
23 483 223
825 762 939
458 923 730
709 978 25
827 921 888
33 677 376
469 767 894
292 245 275
795 932 71
542 980 548
781 397 81
94 153 483
309 565 788
335 8 372
938 894 449
244 207 568
63 51 914
198 318 905
423 351 283
492 85 921
933 131 598
502 285 389
756 728 979
426 628 149
160 895 168
243 514 382
801 653 101
11 909 567
888 470 132
468 960 127
608 192 826
556 600 320
702 60 646
661 38 277
747 565 228
930 854 112
418 262 442
994 788 491
693 208 449
898 145 571
673 864 904
721 111 522
564 905 714
324 74 371
465 224 503
906 866 535
53 560 776
697 763 752
861 902 984
513 850 73
411 921 834
51 777 120
170 98 625
596 871 279
953 236 962
741 708 373
642 605 801
158 918 968
4 653 601
279 419 159
718 107 771
560 150 176
795 849 673
941 227 175
784 663 640
230 253 968
198 536 862
354 837 52
387 497 262
793 280 432
760 304 769
882 634 35
189 99 8
833 69 159
173 1000 690
863 832 240
251 131 704
518 763 73
211 183 799
495 107 811
341 709 890
987 758 147
631 994 367
83 695 35
578 821 236
374 598 510
317 978 176
783 331 987
773 608 33
816 969 900
183 920 731
985 825 270
159 195 532
620 110 969
337 434 935
792 324 298
598 942 473
32 769 629
388 696 394
712 734 892
426 939 517
744 708 896
521 771 477
420 908 91
796 814 881
719 781 1000
735 153 313
104 895 81
450 898 230
360 761 473
788 709 402
839 86 698
209 473 588
945 879 233
101 181 551
803 182 481
224 259 994
559 483 417
642 110 21
134 15 557
396 296 989
524 644 319
757 829 389
525 391 694
607 423 560
614 734 656
848 769 887
666 681 236
183 87 716
673 963 176
262 84 287
560 853 340
114 931 403
194 429 74
143 485 752
562 532 246
941 80 915
129 704 659
77 702 226
142 149 755
490 450 756
490 366 295
505 230 392
7 73 312
95 753 161
855 326 325
591 311 62
216 991 538
678 855 409
538 95 30
549 412 522
804 83 133
714 854 126
792 208 761
931 499 958
383 473 574
59 784 623
662 251 136
228 151 131
454 649 65
158 288 874
654 846 222
280 299 134
289 379 805
730 157 250
848 160 744
457 987 782
719 208 968
558 318 859
248 970 381
453 11 687
167 307 271
144 65 336
919 64 962
125 476 655
116 151 801
19 123 321
675 228 438
280 1000 453
657 233 386
909 990 296
946 790 518
408 652 905
700 180 184
852 258 793
320 250 301
60 881 758
24 405 342
809 206 47
103 707 415
512 109 527
905 664 19
663 378 550
921 838 14
96 790 188
589 96 489
945 584 216
665 877 607
422 41 30
557 366 558
498 458 669
506 52 147
439 200 334
494 428 860
469 988 362
351 448 586
29 912 479
849 655 840
690 70 514
585 47 756
722 711 548
229 465 941
362 547 177
632 10 697
224 522 439
706 587 422
121 605 209
85 755 582
655 80 277
316 349 464
280 234 460
368 957 144
380 447 172
701 936 214
47 314 80
626 537 995
627 594 247
505 92 386
168 864 632
614 625 765
834 761 209
686 511 867
469 518 973
182 966 535
692 847 3
842 630 468
588 98 784
326 997 307
752 525 170
464 721 171
489 324 586
534 541 796
712 114 659
434 647 546
959 974 928
50 462 743
506 171 503
907 486 728
683 441 531
102 632 571
884 729 759
664 222 11
386 758 651
622 791 377
351 167 373
893 207 428
371 695 645
566 56 124
235 56 666
112 75 815
416 600 464
590 597 822
786 352 111
687 775 642
584 279 710
866 777 789
860 20 589
87 962 794
660 364 607
26 484 727
252 878 904
953 71 125
345 682 6
744 639 33
364 735 402
589 38 472
110 998 493
272 144 782
646 646 866
532 600 399
81 578 260
400 729 600
516 471 355
64 521 290
199 35 232
766 325 152
409 738 771
323 82 116
247 507 730
493 225 887
526 234 643
807 285 313
298 403 112
299 436 204
797 849 636
165 843 171
128 682 490
226 153 101
64 761 533
155 240 955
453 485 265
492 784 931
972 722 684
641 48 355
866 647 570
332 791 114
598 538 417
122 516 43
678 70 168
871 906 431
420 945 160
261 305 291
465 896 719
190 617 940
667 339 740
85 369 431
786 569 698
786 153 961
809 384 547
878 696 477
339 987 987
405 934 790
412 129 264
92 784 843
626 738 986
788 818 931
38 326 404
204 302 89
268 437 283
343 145 767
160 415 624
846 950 379
980 436 959
530 455 274
410 910 21
126 487 432
907 973 875
258 772 148
249 356 513
572 821 662
180 713 1
342 287 827
966 539 725
111 864 215
651 976 473
432 616 652
19 619 963
940 42 838
529 172 994
292 536 322
247 20 599
678 405 532
105 500 297
516 261 81
628 354 816
962 441 865
625 931 524
363 17 124
83 13 226
337 853 475
725 856 794
28 902 279
227 633 723
486 409 497
327 499 788
820 887 627
198 503 549
77 181 743
300 110 531
807 564 37
549 865 114
188 935 72
95 624 666
6 988 682
929 88 669
187 969 128
573 942 361
199 243 102
965 735 958
1 278 505
380 919 893
781 490 576
221 406 483
792 764 917
334 212 522
739 348 511
169 871 483
882 323 429
757 484 781
87 139 805
44 551 954
932 471 177
581 588 443
557 407 27
502 641 872
752 963 796
775 961 952
790 541 363
870 497 507
942 777 683
430 459 893
942 442 350
974 532 254
474 606 630
10 734 548
470 551 904
845 606 761
578 95 300
698 816 303
444 622 535
764 200 683
953 846 341
842 714 212
350 737 929
504 751 734
912 395 492
878 746 414
948 337 21
939 752 110
627 236 272
81 677 259
221 446 653
655 677 366
407 397 291
339 230 882
520 709 456
552 645 788
967 735 956
895 476 759
130 20 542
274 402 442
732 181 238
469 657 479
701 81 948
828 171 103
639 339 725
116 333 597
99 780 99
694 672 217
742 547 395
176 309 820
726 744 99
341 289 319
767 400 268
204 918 242
533 509 857
94 132 300
821 167 752
375 59 283
751 888 315
598 381 198
804 589 654
710 273 502
726 938 552
477 684 902
618 697 474
764 507 265
424 475 177
273 20 352
852 189 514
924 419 191
490 729 107
870 172 627
201 627 595
901 745 524
827 714 567
935 434 616
598 736 366
486 366 507
43 390 215
79 756 232
432 223 271
973 37 228
435 26 102
417 563 154
252 939 666
736 793 421
879 675 712
702 76 583
822 578 137
381 531 305
951 810 758
250 950 836
671 636 357
549 314 654
52 327 58
948 695 706
273 253 124
77 845 184
915 17 837
497 450 162
609 696 29
104 848 263
965 554 47
160 734 215
226 17 940
416 540 188
408 839 507
273 120 324
338 196 845
333 663 127
860 31 203
173 719 729
605 887 561
665 806 418
378 897 159
121 492 313
998 318 651
195 107 292
473 933 609
382 386 877
573 508 91
948 647 888
564 946 491
517 532 778
803 51 39
403 189 252
828 649 990
305 42 422
891 610 86
707 691 400
153 492 898
896 433 260
625 635 581
596 656 410
248 721 945
453 460 711
569 599 362
123 858 25
807 558 264
270 528 476
574 866 877
405 527 483
251 834 134
840 955 457
448 211 567
348 210 281
376 256 302
472 309 122
398 352 218
144 7 547
454 486 668
965 473 54
624 81 813
539 865 647
722 877 243
550 740 259
716 827 537
253 821 531
307 7 960
797 722 231
206 264 797
931 913 920
164 312 948
745 255 924
587 875 716
67 679 296
864 356 135
911 818 48
138 148 945
505 30 771
116 516 731
408 573 523
450 851 261
372 337 682
250 776 500
881 239 942
505 815 805
621 802 266
729 660 283
973 929 762
785 813 6
860 141 770
386 97 805
337 549 57
921 141 706
857 519 75
191 994 902
346 177 353
356 889 102
788 613 396
52 351 169
760 400 696
448 723 890
578 974 964
581 194 405
123 454 164
771 57 784
350 265 636
618 126 923
166 316 292
489 151 373
244 883 150
371 527 906
740 758 882
414 722 111
74 396 817
604 485 177
389 327 380
967 919 638
313 267 451
707 584 120
855 61 314
745 638 598
115 974 590
587 509 137
537 775 737
788 706 171
161 670 398
626 907 957
466 644 225
956 197 530
64 101 986
987 474 784
676 673 397
636 760 955
610 614 69
472 405 394
402 402 285
794 849 255
16 797 104
34 268 572
530 918 799
74 221 252
817 871 403
144 980 405
466 752 785
182 351 531
733 497 476
401 400 401
433 85 454
511 264 925
33 1 249
446 767 175
628 347 726
88 454 382
254 988 598
306 340 291
841 898 852
200 666 792
621 495 504
984 741 249
121 474 267
553 445 329
167 406 637
459 236 853
917 253 884
691 579 319
480 656 619
807 593 196
529 411 614
317 503 706
4 107 772
287 150 141
813 629 459
115 609 128
824 790 367
235 705 572
796 540 963
342 369 967
183 859 836
965 493 906
624 37 561
556 219 698
472 180 181
571 24 100
451 596 516
375 818 291
304 383 435
574 370 509
903 62 886
423 826 150
429 772 843
341 970 14
364 868 970
406 892 186
245 654 241
813 60 797
849 989 509
297 199 642
635 110 495
426 872 496
562 492 600
60 472 990
698 334 241
561 123 545
295 855 670
265 924 682
137 978 190
791 29 639
701 856 692
266 284 5
948 927 446
370 6 909
127 636 119
860 821 348
344 706 67
909 161 375
102 537 699
856 143 939
59 37 255
322 47 45
153 383 344
711 951 630
413 408 122
682 629 702
404 878 217
247 259 517
894 680 552
326 595 392
814 992 636
518 543 533
367 723 603
183 135 653
341 154 754
906 208 638
917 360 979
452 882 578
889 434 425
672 820 846
321 896 46
785 255 514
561 125 518
740 868 440
439 760 503
949 761 285
797 245 48
30 364 224
673 756 219
653 542 233
364 814 465
39 159 509
249 684 545
257 206 214
124 181 145
803 536 113
223 207 71
96 63 566
967 535 394
581 296 541
100 913 717
644 712 792
34 473 552
21 602 476
827 879 764
885 72 47
696 707 404
936 322 99
841 704 284
144 92 802
450 461 514
78 312 935
670 357 557
728 893 255
483 948 717
227 109 911
744 611 608
376 848 47
286 55 388
848 297 512
543 846 481
927 332 268
908 175 296
69 988 470
188 912 376
494 189 540
464 80 472
785 51 333
776 449 742
536 679 469
84 240 237
35 129 152
666 634 855
666 380 538
474 946 150
869 405 274
921 782 26
178 97 223
33 597 913
50 742 390
99 988 335
363 244 743
912 332 762
332 587 318
837 754 564
624 447 902
585 835 543
936 855 403
38 474 191
753 77 536
289 207 687
781 646 969
18 691 991
120 988 206
136 750 454
246 229 160
401 921 614
630 978 423
291 708 213
568 850 237
75 625 583
774 569 786
561 39 412
540 515 947
532 254 738
26 610 313
771 774 415
91 919 623
130 595 421
558 480 472
468 628 633
920 678 613
20 54 919
404 475 234
900 445 195
55 126 24
365 23 430
629 220 664
359 818 997
384 687 776
697 736 740
899 138 885
996 360 355
352 430 987
489 463 102
21 760 700
496 896 686
535 488 657
178 384 636
243 252 642
137 518 704
840 7 660
554 7 365
767 196 25
184 604 739
725 165 627
146 736 29
607 530 932
484 372 770
613 192 4
225 428 781
487 283 426
114 78 873
412 359 630
845 29 962
29 943 804
790 126 348
28 789 826
479 82 118
730 577 93
966 87 332
419 197 627
451 583 536
709 344 645
113 415 679
345 37 121
775 346 926
159 464 11
806 965 25
613 387 797
178 823 682
372 692 973
279 619 543
660 354 938
858 111 105
689 503 784
135 304 331
327 828 436
299 50 850
945 44 462
862 513 729
198 279 521
302 924 150
81 70 28
296 959 437
911 689 73
967 223 724
689 698 430
114 133 463
293 464 689
427 553 746
707 26 203
917 378 897
31 890 751
773 501 508
661 893 106
979 278 776
784 501 665
479 754 916
135 317 916
738 518 350
137 359 79
817 819 517
116 262 755
547 780 568
87 173 224
808 704 727
750 865 99
340 18 381
168 207 16
899 510 965
186 637 219
698 583 778
528 560 870
190 636 119
408 797 118
656 542 830
206 630 315
622 304 57
87 388 426
510 631 573
218 840 956
56 165 7
720 957 126
77 604 639
663 239 553
322 41 325
918 644 234
299 586 603
671 790 259
206 351 802
993 23 319
830 31 355
346 44 115
448 217 640
924 823 800
155 227 636
125 308 796
771 355 582
158 403 337
246 124 904
236 425 846
155 1000 326
50 252 792
565 789 730
263 316 651
174 809 712
108 52 156
128 216 925
263 707 349
197 578 963
199 92 312
570 722 828
423 724 557
62 420 102
467 535 247
506 564 187
326 867 129
271 188 235
463 130 581
122 552 793
300 649 775
172 646 773
573 718 721
542 476 644
783 557 347
237 561 221
342 332 546
215 950 791
380 998 133
394 838 39
928 659 526
822 322 190
704 852 128
698 363 659
917 711 498
792 513 120
585 292 74
197 335 568
639 713 408
682 960 810
461 861 677
267 182 133
776 18 215
798 817 549
482 499 313
610 617 194
367 225 678
256 728 911
784 207 164
252 298 949
120 621 768
245 959 760
426 442 905
796 202 338
463 753 652
104 931 898
885 542 922
620 522 876
808 311 193
510 985 838
462 117 164
130 672 11
137 734 527
597 941 218
49 967 483
868 16 675
3 700 995
182 570 790
123 216 878
791 868 770
525 927 683
775 444 912
692 121 26
673 77 587
218 291 518
631 536 307
512 812 480
758 38 189
338 91 469
144 66 19
639 350 143
190 638 264
104 877 835
795 459 772
678 78 93
606 189 410
516 393 337
124 968 788
290 921 8
221 710 779
86 325 104
635 709 933
502 904 254
173 224 957
357 913 72
203 226 459
639 237 676
647 889 367
331 985 717
605 651 83
867 812 437
356 641 816
469 978 976
836 919 257
446 447 126
401 117 776
687 797 485
91 662 970
485 376 803
767 878 217
868 958 467
86 783 654
173 14 502
186 709 742
373 378 377
864 516 109
289 657 429
876 660 653
60 625 543
782 602 914
449 284 129
864 709 504
687 235 136
582 303 474
301 384 467
811 671 293
985 644 912
298 680 300
437 628 456
893 997 830
545 806 643
269 65 36
365 986 694
259 802 661
183 190 50
928 244 444
52 813 371
761 661 224
708 649 411
99 246 911
745 664 579
399 923 711
591 617 369
670 865 815
20 113 83
755 423 856
977 448 403
957 621 586
845 727 854
475 622 576
268 548 142
356 293 28
864 972 986
257 30 721
766 574 255
952 900 391
976 828 667
578 408 394
580 165 231
229 969 52
532 942 23
994 318 371
534 903 675
649 543 753
333 943 353
332 640 777
254 402 350
538 210 178
240 799 276
27 799 29
600 563 727
213 490 946
116 386 32
14 394 2
958 275 76
129 94 489
121 65 103
507 512 265
131 517 133
139 702 707
114 206 605
288 889 674
764 939 498
830 318 823
609 353 603
94 86 621
599 956 616
265 740 792
605 346 571
825 821 883
736 768 810
699 489 972
866 288 602
356 549 347
998 669 647
39 725 950
736 380 842
289 673 31
481 838 902
294 593 788
454 171 685
837 464 410
848 170 397
382 313 348
371 830 884
292 303 73
41 805 37
550 26 35
447 878 214
652 289 271
718 63 981
104 999 61
562 659 77
478 780 665
565 400 378
787 394 621
10 49 651
915 210 393
198 431 618
867 474 612
981 525 371
84 941 353
47 380 681
369 5 323
100 566 715
161 669 896
797 344 740
487 861 10
96 783 786
711 184 807
117 665 672
728 777 877
923 157 195
517 400 769
849 738 361
879 96 641
364 426 558
581 588 514
802 483 84
692 750 723
469 855 947
488 781 602
514 62 618
991 22 339
485 746 769
40 799 826
529 892 987
387 699 827
665 810 181
446 538 25
958 459 410
915 86 192
334 68 250
746 398 941
451 604 601
300 383 729
655 111 932
883 155 331
696 699 196
656 96 790
99 855 522
980 870 986
688 829 12
819 131 615
221 232 170
332 892 291
304 393 291
152 384 769
188 591 925
281 659 910
510 146 957
352 107 131
303 993 865
380 535 55
664 436 470
246 986 404
99 965 378
469 931 53
768 14 874
692 796 900
911 159 188
767 979 949
131 120 976
322 917 836
668 397 229
609 989 165
696 786 447
560 747 170
812 980 882
455 133 686
74 773 559
994 325 727
423 212 255
504 285 624
222 458 111
617 231 181
781 552 598
192 450 746
297 55 571
901 734 400
882 593 65
558 894 309
526 590 178
673 964 743
1000 864 929
422 212 89
837 402 698
192 818 431
543 253 773
502 78 416
217 655 906
92 336 1000
261 199 274
498 349 802
165 332 313
143 727 811
929 449 689
180 891 749
875 729 877
167 785 395
744 314 54
154 191 100
218 239 311
273 955 561
763 262 78
111 218 270
910 434 383
261 238 663
327 213 618
468 264 475
312 814 260
895 827 640
990 618 788
183 560 284
978 116 207
980 503 356
500 879 165
194 425 981
967 63 429
827 626 89
395 636 273
907 568 293
660 91 610
901 921 310
855 660 680
995 404 600
802 800 29
946 93 476
237 484 414
71 61 753
570 433 622
69 515 806
26 122 26
910 316 360
202 388 126
281 174 278
468 708 957
274 864 950
972 344 746
300 253 169
926 736 802
150 795 247
317 817 89
397 995 85
587 150 314
78 37 223
819 699 165
894 731 335
250 709 695
398 676 669
975 443 267
888 505 634
366 78 605
722 275 851
939 301 386
738 67 320
935 855 502
615 304 895
476 592 638
899 589 130
980 694 349
619 467 440
979 360 960
680 309 174
679 968 984
493 895 330
133 359 375
864 77 456
553 442 736
399 275 349
929 221 859
740 931 186
575 902 854
10 57 840
358 313 808
839 609 425
359 531 7
995 647 600
725 356 965
743 8 52
865 413 348
841 763 58
772 43 116
589 861 830
965 859 525
855 596 90
73 355 629
789 313 348
656 79 472
537 536 142
983 51 280
446 672 943
668 418 169
821 33 88
476 905 551
380 326 43
528 600 811
940 959 365
468 23 416
688 726 806
515 955 538
563 428 964
261 675 705
448 966 215
204 603 471
601 374 256
347 612 994
50 11 816
531 54 423
352 142 632
263 891 477
835 695 386
600 332 756
439 399 2
407 487 80
243 233 464
895 385 72
557 320 900
970 487 160
462 813 907
921 24 937
702 765 181
434 271 622
783 277 396
219 614 520
786 25 890
350 914 442
554 699 333
739 237 135
240 66 859
285 755 571
200 311 979
168 553 408
371 937 819
13 521 644
650 173 903
681 709 189
443 753 216
948 784 851
401 993 600
81 324 697
540 724 201
70 449 531
212 553 383
666 200 394
782 508 961
32 815 753
238 248 367
943 596 875
252 2 31
564 584 395
161 463 65
505 202 41
166 618 814
429 134 707
293 695 213
419 659 974
947 191 158
593 923 789
100 445 724
300 36 87
148 2 63
49 134 81
34 25 105
970 326 643
931 174 844
487 848 309
756 735 467
138 421 774
330 711 386
270 32 504
381 392 272
817 164 820
834 216 434
216 350 460
655 171 877
221 113 428
178 404 217
140 883 961
108 904 368
652 192 369
350 94 600
89 465 696
879 127 567
486 811 698
601 888 616
618 140 41
151 601 860
991 233 184
130 162 16
166 623 846
217 847 485
962 169 173
738 996 933
887 14 423
358 987 584
495 130 281
489 601 467
579 879 26
443 200 22
196 309 295
499 384 436
811 209 912
795 506 987
240 596 690
251 430 998
657 208 954
317 387 826
159 233 633
470 432 527
687 857 160
771 817 567
539 145 28
289 997 656
20 250 870
701 278 78
851 91 6
177 673 611
697 824 489
354 885 372
419 634 674
133 216 468
120 309 208
28 798 340
631 219 486
288 304 792
597 907 107
847 748 85
284 585 721
436 584 329
262 904 619
973 308 124
242 377 358
370 145 233
306 588 233
819 833 966
934 452 475
194 998 351
769 673 325
558 427 597
746 133 619
549 620 994
490 699 927
35 879 664
585 207 433
164 412 373
250 503 742
477 31 507
33 407 613
116 284 736
829 414 60
978 839 394
327 961 674
187 217 177
507 334 189
796 64 86
858 331 776
404 842 610
470 246 358
656 754 685
216 753 740
773 723 651
72 5 471
538 580 400
933 881 187
812 504 817
10 205 116
92 294 873
498 754 454
474 730 84
170 530 835
464 737 901
259 462 989
143 15 921
321 931 282
859 184 628
666 2 74
713 837 100
388 979 965
333 468 626
126 314 905
37 174 159
582 497 421
547 96 787
367 914 65
397 893 76
89 52 757
1000 832 412
764 234 153
990 417 630
677 323 761
419 464 900
214 269 681
586 412 199
478 589 28
405 450 463
865 40 582
55 385 234
260 328 541
804 56 269
963 257 822
323 168 266
184 849 84
167 791 501
215 913 156
288 324 604
185 339 90
210 713 41
555 861 145
390 781 441
809 382 503
278 860 482
655 873 943
726 636 290
419 949 415
270 56 82
749 172 645
228 207 600
956 297 569
665 292 521
615 982 687
69 192 125
617 203 869
485 758 485
876 42 737
165 335 263
376 192 668
44 363 253
448 994 476
639 201 541
802 39 868
902 132 304
458 919 354
275 780 793
538 189 100
487 648 216
165 226 452
846 701 195
14 344 140
326 138 468
79 382 559
988 412 756
826 858 840
443 442 965
919 360 284
76 937 298
721 608 134
564 62 285
620 873 767
554 975 688
798 987 477
685 965 45
43 1000 475
250 569 434
55 691 41
147 401 245
263 603 511
901 467 121
332 109 112
769 460 154
953 307 34
405 906 713
76 830 192
734 829 119
622 778 428
149 809 635
298 390 977
539 692 425
159 793 864
333 673 604
27 833 283
839 534 897
933 351 176
872 259 677
529 305 892
748 191 685
668 511 3
271 56 671
623 934 176
212 282 942
157 682 440
57 533 50
367 605 729
823 722 991
530 983 296
185 318 516
355 513 597
860 596 843
612 19 986
805 84 819
92 14 434
962 556 470
265 300 190
732 135 847
949 461 507
300 985 247
441 346 327
775 853 236
589 44 929
330 101 27
571 330 264
941 51 677
777 342 955
562 506 221
593 599 614
670 175 371
904 631 305
137 489 561
336 854 191
216 458 54
165 633 822
603 441 348
837 875 686
319 760 192
955 853 905
315 586 567
997 777 738
20 923 855
902 600 782
778 658 725
