2223
687 20 767
357 17 519
440 581 199
623 542 707
107 981 747
921 825 908
229 891 534
705 214 579
257 530 699
962 136 158
313 933 904
192 96 511
440 50 123
535 17 499
651 961 979
772 357 245
710 605 71
437 836 358
913 625 246
92 923 442
351 552 221
572 828 947
128 166 719
300 751 917
891 133 66
895 137 676
736 762 232
133 494 867
713 557 857
620 421 257
223 818 107
710 850 836
367 972 752
843 989 102
435 557 513
150 194 42
500 882 384
260 145 556
612 904 578
383 570 275
421 768 860
967 200 543
59 541 202
157 525 462
993 834 389
166 631 745
347 904 193
864 176 478
873 317 852
506 408 716
151 274 42
219 755 963
228 91 728
866 400 808
47 298 334
133 594 926
697 965 169
266 319 737
431 593 689
197 955 883
77 325 705
391 693 755
331 813 710
439 2 313
367 648 706
360 499 605
317 580 725
532 900 980
390 270 664
733 483 809
327 66 119
71 174 808
726 455 902
701 948 863
199 240 701
679 404 79
135 8 751
816 716 984
145 839 741
585 358 533
986 386 490
763 171 817
209 227 855
143 621 623
120 92 643
690 54 153
286 363 793
393 605 679
718 298 547
494 65 101
291 599 511
838 617 194
553 445 873
594 679 424
496 742 258
713 437 614
569 731 462
851 156 325
988 949 547
953 32 19
202 77 513
725 307 299
622 504 720
328 677 568
663 766 212
406 30 526
622 285 31
607 363 500
971 5 551
251 834 772
750 789 229
83 891 984
834 279 175
235 453 415
135 305 997
917 37 990
551 931 565
70 119 484
44 223 948
761 482 302
249 187 150
211 24 244
963 701 92
67 170 277
773 17 772
267 500 550
802 413 91
757 796 468
635 860 836
775 798 359
753 403 160
917 253 861
210 698 616
537 477 568
919 621 719
959 846 616
433 347 934
164 657 698
283 713 398
97 24 243
504 567 290
642 358 437
662 841 550
10 158 977
359 586 667
363 100 629
578 825 535
343 787 958
134 779 863
711 917 18
435 939 458
252 445 808
649 685 348
774 22 574
539 767 861
371 725 595
280 143 322
421 821 586
660 214 394
349 783 54
476 36 767
994 585 371
245 264 752
214 500 93
81 696 691
837 746 744
895 418 740
55 162 635
762 787 652
224 73 959
248 361 572
593 757 368
456 233 15
438 527 298
144 834 649
450 316 132
863 610 969
79 803 695
949 317 709
744 375 468
232 774 588
266 711 790
362 429 238
363 314 437
470 190 400
80 957 576
65 357 194
987 700 176
15 170 365
428 215 294
404 716 962
264 312 258
322 122 530
682 933 962
993 897 384
103 565 797
538 992 183
427 306 415
54 938 320
883 204 856
633 526 127
705 892 477
618 84 794
468 71 170
994 661 181
909 580 964
69 341 846
363 289 335
165 442 194
960 569 539
895 409 879
952 912 295
797 858 139
598 469 284
745 593 965
389 744 831
654 937 637
67 554 451
755 381 658
254 203 2
767 463 365
284 685 669
891 620 985
396 523 426
630 459 42
559 147 823
534 717 345
418 52 856
901 483 217
41 700 824
329 765 649
665 432 756
987 135 929
335 928 356
117 311 81
919 829 176
957 278 150
376 322 1000
600 43 360
458 464 692
601 537 413
294 201 745
259 606 110
590 902 922
396 916 292
40 530 601
58 286 765
520 360 847
437 835 722
401 108 487
51 643 660
712 174 34
655 45 517
624 687 539
991 902 329
438 822 934
797 33 475
769 905 510
260 49 64
345 873 805
979 43 109
190 61 86
217 717 605
493 243 888
806 394 277
3 249 998
365 651 130
855 965 863
777 693 406
930 636 137
696 110 22
117 48 658
278 643 67
948 784 403
88 591 929
698 701 295
47 256 925
657 815 196
960 95 784
864 940 544
404 681 850
681 422 937
17 416 697
412 302 265
340 849 629
720 220 64
623 639 768
653 104 795
288 652 413
582 709 242
54 997 325
674 693 362
189 842 5
242 359 861
494 797 799
641 941 616
679 64 297
74 643 154
965 858 871
748 981 667
557 578 36
38 905 497
475 792 442
320 992 687
146 942 215
554 362 206
279 583 749
911 2 796
430 511 97
524 697 859
249 161 614
832 78 517
934 63 972
251 968 715
48 721 609
288 108 793
695 599 416
618 513 593
594 353 172
348 149 434
486 880 911
429 418 910
839 156 457
589 5 323
853 924 71
369 947 985
141 43 793
937 567 152
660 805 129
219 505 658
658 875 863
792 591 968
16 386 621
184 235 552
756 248 867
82 815 902
484 559 788
213 425 851
717 600 756
543 193 523
724 828 521
786 677 639
663 550 79
101 203 204
691 845 392
221 799 385
693 637 979
393 210 634
962 796 458
101 255 41
457 24 892
363 906 966
995 212 841
89 310 477
79 97 538
717 115 251
61 802 403
477 778 548
228 948 680
862 761 93
664 135 895
985 833 92
176 834 710
845 27 755
149 822 775
587 326 693
312 731 926
285 695 996
41 823 954
373 161 656
177 36 538
361 152 824
764 594 997
376 885 131
396 819 287
342 811 198
792 491 916
842 142 102
930 417 595
299 371 824
601 955 737
942 856 706
866 764 800
673 571 196
790 939 783
150 498 985
49 440 741
418 381 729
929 414 858
269 561 471
331 265 689
147 252 585
952 602 206
63 190 453
973 641 909
391 534 270
441 923 146
841 459 366
838 312 895
375 976 167
42 485 202
923 864 877
866 266 312
680 278 418
350 353 428
577 541 681
613 822 658
377 158 301
445 809 735
95 200 384
685 369 72
558 803 141
938 288 875
233 680 626
947 270 229
987 545 160
848 385 448
708 391 268
759 109 883
630 623 57
674 458 985
568 795 930
823 658 613
561 735 255
583 156 842
771 753 822
57 865 93
268 209 615
785 822 644
170 781 301
443 202 765
568 853 356
763 921 828
991 73 250
401 196 702
654 57 687
83 938 794
269 925 159
518 602 133
916 873 293
686 599 443
593 757 912
519 407 96
937 864 289
67 807 730
96 557 640
741 478 904
989 981 633
995 599 678
163 264 612
789 179 473
90 286 70
596 730 959
532 94 217
543 927 400
565 199 956
344 98 199
147 968 277
707 645 360
392 399 142
607 504 982
155 716 925
642 150 829
100 863 716
213 127 564
55 220 777
430 68 106
831 878 236
413 36 219
325 191 454
559 570 682
582 443 337
378 542 327
481 371 902
897 140 171
163 394 655
605 243 112
628 324 44
293 305 6
129 958 80
486 730 176
231 472 428
114 594 257
272 253 5
306 20 50
613 286 238
929 280 825
172 727 625
798 559 162
491 589 7
859 495 648
517 571 270
837 389 719
354 870 374
991 764 332
200 376 683
913 685 363
460 363 175
220 393 934
122 339 400
629 484 452
470 258 913
774 570 804
616 794 948
131 139 609
400 131 795
983 917 721
523 359 607
653 489 571
656 155 821
189 716 539
849 153 339
778 375 301
853 192 893
700 345 214
412 243 541
264 264 478
269 534 167
951 796 160
496 831 165
566 489 608
222 659 676
495 958 215
694 198 70
569 538 827
583 537 781
2 574 254
299 431 335
69 458 124
350 114 421
306 970 436
530 793 126
353 13 713
510 90 64
133 134 144
822 125 914
968 417 819
629 321 363
254 969 986
848 571 938
527 827 50
720 524 616
79 317 192
516 168 429
759 854 720
809 235 753
679 622 439
538 990 482
360 890 257
937 7 674
208 226 473
652 102 328
340 99 71
912 175 452
400 367 951
917 905 78
342 750 338
301 566 473
650 26 288
983 335 747
69 244 91
433 147 442
96 920 135
308 22 655
343 140 645
974 376 390
791 315 251
288 3 326
525 405 19
387 321 351
943 801 866
319 260 895
498 19 872
774 456 289
549 189 643
843 45 383
400 2 823
559 75 893
865 544 62
676 412 343
854 368 281
165 889 537
643 179 18
861 490 879
461 111 362
27 197 491
12 4 587
612 478 878
283 626 886
652 546 116
635 628 898
415 356 676
685 13 214
583 531 73
278 76 479
925 72 267
598 663 717
957 568 510
264 381 105
837 667 344
301 448 623
312 480 219
697 685 985
198 983 991
209 785 485
940 606 411
940 479 946
702 367 961
160 804 965
623 341 403
201 205 33
43 98 225
695 868 532
998 705 165
45 134 923
281 177 970
789 745 694
426 834 436
721 445 495
819 337 456
873 423 950
345 145 236
685 928 673
79 57 141
244 272 402
248 339 875
727 459 687
988 487 606
37 481 282
271 612 926
206 191 473
342 226 753
326 508 145
531 877 220
113 864 105
181 293 353
164 682 584
722 365 717
231 314 927
94 406 69
399 342 309
848 683 18
91 754 428
570 240 799
703 815 16
316 560 180
498 546 162
560 358 951
80 498 748
616 972 68
795 400 925
109 428 808
910 785 904
162 444 136
409 691 716
223 896 581
807 945 285
187 17 806
864 535 238
340 705 928
626 670 457
61 174 196
811 529 441
828 871 282
439 703 316
878 511 559
995 706 392
833 239 712
469 176 397
381 441 472
844 414 753
822 677 221
23 681 489
895 14 372
61 633 706
755 554 991
642 102 105
15 921 551
529 46 371
966 43 209
73 331 236
597 725 421
603 989 762
133 164 604
670 10 981
198 128 779
46 998 17
557 59 694
203 888 303
542 14 974
744 326 395
806 133 404
839 388 305
234 773 537
203 370 491
615 741 875
4 97 836
365 134 918
355 476 620
103 827 390
685 481 292
214 869 37
928 300 130
315 763 848
36 370 382
843 599 411
336 362 279
139 922 110
257 279 340
748 156 889
785 146 259
704 946 219
653 766 635
485 476 81
877 898 896
588 677 168
656 24 197
424 15 865
476 902 36
798 392 947
985 424 211
239 786 236
789 91 82
904 162 956
188 893 882
578 826 897
769 845 332
896 671 403
938 596 185
640 242 342
194 951 608
628 780 312
669 358 703
915 505 291
417 291 547
422 267 846
294 58 303
368 877 591
65 992 836
7 294 593
878 609 787
289 447 9
359 41 93
402 486 278
383 559 479
648 721 831
327 114 417
723 121 702
972 542 664
62 404 249
826 266 438
633 405 284
988 50 608
655 805 570
797 347 152
246 846 946
36 334 636
815 969 157
223 245 128
158 592 669
363 775 298
700 899 698
290 695 588
381 311 581
193 982 722
708 842 416
670 51 920
431 640 84
401 549 600
725 476 327
608 37 41
134 514 910
218 975 951
403 600 239
680 947 966
7 572 922
503 750 301
33 182 277
188 658 481
355 402 366
872 471 211
499 588 196
73 950 200
556 483 916
657 90 600
958 892 269
961 763 393
336 999 232
861 423 366
713 256 977
655 817 349
82 585 865
360 66 968
960 237 23
31 465 40
708 188 594
961 594 118
932 752 810
952 93 280
898 338 438
620 792 865
718 448 650
246 191 498
863 2 432
795 539 173
343 710 413
125 394 190
718 862 860
606 297 16
417 314 429
60 277 151
105 288 822
767 668 779
779 500 422
522 561 394
646 765 724
388 347 318
544 681 921
369 914 542
73 193 571
342 776 929
928 506 910
282 117 836
974 756 474
625 560 554
856 603 81
533 604 216
450 99 252
435 770 642
71 359 813
621 510 751
51 221 859
915 494 971
770 20 726
175 600 323
35 390 284
368 355 768
523 911 844
385 488 43
794 921 657
118 871 363
225 93 75
980 486 646
40 87 527
236 879 325
144 612 335
887 519 758
284 21 695
643 128 750
412 734 743
840 420 665
614 471 717
741 256 424
631 100 891
835 647 780
202 172 9
532 983 5
675 929 400
134 223 72
171 266 869
330 795 598
417 640 628
891 517 777
575 413 378
582 33 337
592 81 117
964 466 620
945 529 984
124 696 446
733 516 914
18 584 410
16 515 63
124 628 524
729 244 543
863 567 492
321 765 665
39 999 189
43 677 464
941 907 144
321 142 699
248 509 161
652 18 127
113 867 66
506 811 254
217 178 811
606 800 781
556 280 592
449 652 512
916 512 804
157 397 329
21 617 651
734 370 438
604 197 56
699 372 52
196 807 938
770 737 309
133 110 479
224 674 309
185 777 920
628 547 2
422 984 559
538 226 415
73 189 635
454 590 214
920 429 354
625 140 679
848 767 614
827 671 333
837 44 553
712 81 654
854 582 459
567 81 491
605 601 126
99 798 203
187 853 735
234 595 124
222 261 732
994 550 580
186 405 254
383 655 433
744 906 187
586 714 894
654 290 39
846 928 819
632 90 719
850 955 80
277 307 510
59 551 904
785 732 648
9 790 735
232 375 865
822 999 404
710 540 456
858 904 545
279 632 929
812 788 116
585 83 818
730 579 244
629 593 905
888 827 911
68 736 172
60 73 661
960 355 593
881 618 225
470 966 543
559 875 363
408 820 194
271 842 296
653 863 927
22 327 562
21 936 230
556 918 524
283 667 735
448 6 265
3 32 23
171 157 847
238 882 274
640 424 959
46 116 27
494 428 48
1 195 253
548 38 281
140 749 808
95 396 680
491 954 666
163 294 840
458 276 541
687 550 986
836 380 444
642 765 444
733 489 736
210 719 964
807 181 531
966 164 421
708 187 613
867 112 571
878 691 905
175 231 42
821 453 575
793 358 490
149 830 512
311 131 916
102 800 910
95 408 969
839 379 677
471 896 164
550 327 268
136 625 293
335 731 284
53 632 815
212 379 68
866 670 82
507 601 113
645 369 226
140 537 976
573 463 585
826 85 679
712 678 949
297 110 346
115 129 326
706 445 429
734 393 694
580 88 244
117 427 758
662 959 351
603 420 69
526 780 345
590 438 244
956 949 111
69 218 189
126 402 167
587 962 164
205 337 992
22 214 606
859 233 368
757 936 689
377 746 346
798 452 804
365 165 684
258 977 851
659 806 954
458 701 26
459 184 286
257 531 325
541 749 132
733 270 296
976 922 556
741 879 721
236 505 330
156 855 970
247 652 226
508 890 965
144 951 432
194 657 496
166 983 71
584 600 756
387 932 311
718 600 633
340 575 897
558 403 369
983 600 9
422 840 668
612 312 191
8 588 243
677 983 809
114 549 558
74 733 732
152 936 25
240 88 19
213 382 938
635 412 685
582 663 660
584 698 683
459 515 468
453 513 507
330 395 89
112 721 271
970 798 230
511 580 522
40 670 254
688 937 7
438 485 502
487 203 24
387 710 296
477 979 948
236 330 32
296 353 125
722 734 141
379 436 367
62 103 416
687 659 816
251 536 694
797 347 838
948 998 532
893 490 844
517 816 822
380 112 270
396 234 420
539 245 44
637 344 867
710 341 127
95 852 854
18 577 238
964 139 81
20 305 268
749 116 698
2 278 795
848 469 691
21 437 579
947 125 538
118 169 625
393 893 527
71 159 556
28 770 404
412 983 95
447 785 400
826 949 221
403 161 413
374 548 651
59 672 156
594 267 940
892 37 974
648 642 755
644 889 298
232 122 406
829 690 459
629 345 771
9 608 681
325 69 44
530 391 519
312 68 378
155 466 113
679 985 400
40 381 630
957 936 916
509 766 195
864 238 828
541 285 655
231 871 963
192 952 903
359 759 880
850 391 374
701 405 941
904 751 48
461 129 416
627 916 959
532 142 852
428 247 183
79 526 188
283 428 281
468 569 940
76 692 886
481 437 546
371 442 217
982 486 59
576 45 147
269 189 923
855 487 121
795 583 946
909 326 716
831 856 114
905 206 417
559 162 243
171 398 488
481 227 454
9 88 171
323 359 141
408 887 937
300 461 82
309 97 661
247 265 409
425 603 565
141 272 534
851 795 80
276 450 729
360 669 443
273 143 417
799 99 913
916 853 124
400 322 285
543 492 131
71 66 956
519 359 918
731 540 735
781 972 258
191 596 3
753 476 954
754 404 793
382 162 479
396 470 524
405 449 109
236 659 417
106 600 447
382 460 734
24 627 921
439 990 172
973 763 581
648 519 722
707 332 576
302 983 166
715 336 655
666 595 762
499 383 343
641 956 762
167 464 99
172 412 919
254 58 909
73 968 997
715 877 84
517 869 361
646 427 705
254 612 86
241 525 158
635 912 5
190 299 380
979 527 194
639 898 265
189 23 682
96 688 173
142 736 378
241 254 556
15 678 353
926 482 190
915 33 80
648 628 255
270 131 903
880 826 572
902 486 894
472 294 63
415 278 452
761 168 952
364 30 60
6 874 891
628 177 603
314 2 511
914 138 319
387 502 758
389 277 655
419 607 922
343 265 520
409 786 57
393 631 72
952 642 657
803 4 384
51 701 758
827 588 676
683 975 31
31 535 692
144 918 692
361 884 462
423 504 195
634 85 90
540 468 295
914 311 822
999 275 374
879 338 199
441 232 478
475 358 298
873 456 581
466 252 461
300 249 824
549 610 147
208 745 675
181 887 546
827 409 767
600 262 463
820 840 879
513 464 689
800 606 168
92 198 177
491 217 633
413 504 467
158 145 894
856 483 213
866 424 515
776 229 284
384 172 607
222 397 315
954 601 409
315 28 599
378 619 1000
415 137 710
970 792 536
645 809 486
807 962 85
105 815 707
138 211 877
652 822 657
949 148 209
916 7 675
599 208 153
901 663 169
541 905 304
459 894 892
582 814 899
466 346 665
367 782 165
158 352 66
500 701 916
734 364 950
294 832 892
2 540 511
757 85 880
573 1 103
22 815 565
898 642 428
688 327 609
685 671 28
742 925 88
909 212 838
21 386 510
638 993 706
852 85 864
238 567 835
418 358 526
985 140 470
441 347 68
487 405 205
988 921 900
215 261 838
543 688 350
887 849 809
391 278 182
400 564 626
316 980 997
124 789 247
643 281 93
344 6 551
978 461 536
498 921 727
542 262 32
266 549 155
915 986 417
452 922 148
944 804 445
525 111 525
964 913 946
466 243 638
596 435 962
990 376 482
173 727 83
780 661 299
974 409 750
789 514 328
690 359 679
562 197 221
702 738 380
391 522 470
395 712 78
260 648 142
643 63 977
460 779 612
783 410 176
989 794 152
355 672 580
834 977 351
193 655 714
633 188 503
318 386 690
530 447 661
918 461 169
686 789 872
36 790 424
985 143 6
636 28 479
793 337 776
733 262 530
35 972 5
332 575 545
713 990 616
167 739 836
865 823 950
435 664 122
19 51 575
321 189 703
265 921 51
279 161 356
746 913 781
533 832 505
938 439 662
621 38 751
639 784 252
77 21 866
339 717 825
867 454 790
376 255 767
18 987 467
223 990 101
881 788 901
195 666 546
577 97 243
902 400 334
747 810 604
942 348 240
66 668 697
941 211 419
167 496 595
105 296 235
435 164 490
497 771 766
792 113 52
653 55 664
462 340 908
618 41 849
826 498 883
288 195 809
548 563 741
60 464 172
442 141 985
460 470 522
3 473 905
446 39 385
369 91 835
253 136 68
858 915 145
102 948 872
461 942 53
223 945 218
888 940 147
494 602 576
973 922 63
284 862 86
264 108 177
790 207 963
204 829 251
318 971 942
33 828 754
471 388 786
271 328 162
785 427 617
577 594 54
657 858 366
936 429 723
456 38 114
334 260 240
682 618 121
376 161 340
410 45 755
294 217 738
369 646 572
856 298 280
401 632 2
634 640 593
347 763 91
919 689 672
711 963 819
540 604 289
512 872 437
849 746 46
105 242 845
559 460 211
821 187 171
706 504 624
584 127 878
943 555 582
742 651 586
706 315 978
737 533 925
591 254 929
100 41 444
678 205 885
594 786 643
8 185 625
521 206 721
903 103 301
162 140 179
736 770 979
547 857 540
828 261 859
112 943 199
706 874 588
823 104 422
90 421 172
648 796 981
698 698 788
761 130 959
266 287 533
300 819 118
853 88 375
681 490 646
13 847 489
417 508 984
379 965 474
164 12 295
255 962 715
408 803 412
318 839 727
569 716 533
955 608 314
302 853 308
487 897 327
401 831 674
374 499 506
952 686 710
441 259 381
466 288 381
93 483 280
167 280 568
882 218 434
708 198 165
609 646 561
437 791 689
466 118 663
420 947 599
713 172 665
835 939 291
685 819 731
630 212 558
773 256 291
546 708 518
277 811 740
792 482 69
904 189 230
489 304 500
84 350 387
66 724 89
622 37 589
175 512 905
609 952 384
744 423 320
481 364 840
510 182 684
555 143 946
970 579 978
90 865 270
746 393 266
488 534 139
747 590 310
743 521 30
261 630 765
490 945 761
986 437 589
775 30 202
412 745 714
115 853 497
760 523 822
38 566 164
450 627 369
636 389 511
498 428 884
121 221 334
43 212 947
678 827 814
904 463 824
316 129 880
274 991 232
841 226 796
505 329 151
466 570 213
937 475 897
456 272 523
534 506 712
585 663 589
163 242 297
250 678 353
782 598 482
382 674 847
59 925 657
426 173 944
161 822 799
331 513 55
460 588 265
535 174 199
274 869 160
964 910 512
560 255 986
125 802 58
255 677 173
694 513 26
664 248 15
309 615 766
372 826 289
451 12 926
485 654 367
115 645 223
453 568 496
735 951 361
746 39 855
820 132 981
365 442 155
263 171 133
886 80 842
828 75 488
908 281 708
337 509 851
712 633 196
843 187 791
368 10 452
49 889 7
306 877 182
719 118 774
772 457 159
891 714 94
494 204 93
979 637 494
949 872 960
119 755 408
703 480 962
301 987 728
592 9 945
23 473 769
337 113 822
60 398 348
196 331 350
543 231 406
591 668 870
441 176 352
309 564 180
719 931 525
109 731 891
256 330 141
708 34 457
412 199 588
741 186 894
516 214 69
73 938 254
645 83 956
928 484 363
463 369 952
692 758 896
728 971 850
46 499 699
70 896 473
681 198 224
187 460 874
577 722 675
42 416 458
230 756 364
430 661 109
766 153 677
960 905 467
423 902 113
371 987 319
150 360 146
916 679 605
8 587 999
688 20 218
562 318 697
376 517 323
740 824 151
990 302 586
503 947 324
884 317 885
857 262 819
343 274 995
61 599 38
682 848 514
930 298 271
311 116 284
789 815 58
375 184 590
793 313 889
41 876 132
865 805 849
1 458 223
535 781 136
497 980 616
850 266 81
447 274 777
373 50 212
930 530 36
314 324 631
829 754 597
432 349 992
448 785 114
481 15 181
261 394 906
297 481 79
272 487 189
20 779 883
567 42 850
805 626 64
960 237 13
228 783 21
544 14 693
780 361 590
616 163 84
676 523 352
758 296 712
905 166 722
244 195 98
545 82 461
333 696 521
110 276 853
587 247 849
687 6 456
647 566 866
843 358 707
661 829 392
255 626 96
260 443 485
558 138 491
273 827 286
423 172 648
525 583 931
960 864 83
70 439 745
650 821 480
419 852 475
168 332 740
377 662 127
725 669 455
637 407 422
494 46 813
904 433 139
378 538 373
655 796 699
107 205 736
193 658 435
927 642 602
317 741 285
506 791 370
976 916 803
921 368 568
215 146 904
336 194 23
491 404 676
967 794 890
212 743 692
863 988 173
614 715 285
222 328 186
337 936 8
142 271 784
867 952 391
529 725 132
105 290 908
105 16 545
526 953 879
222 133 411
881 1 16
464 131 11
116 754 54
507 308 620
831 235 472
215 28 232
758 147 419
249 19 341
547 6 818
955 184 55
307 240 87
197 757 347
798 799 374
33 572 79
739 378 587
703 962 643
246 545 158
87 433 379
740 728 322
418 378 370
339 485 389
82 351 623
499 362 767
236 189 385
255 201 131
951 80 589
888 207 919
804 460 229
721 309 266
74 99 898
788 200 592
310 513 698
398 416 899
532 945 46
820 970 415
114 967 777
661 823 240
752 897 665
404 87 991
780 960 790
27 41 441
830 749 986
421 650 826
338 558 478
322 532 21
223 195 41
998 508 346
606 47 236
818 914 640
754 959 709
134 209 390
976 658 594
678 477 923
403 172 180
461 268 577
750 493 865
440 568 565
610 75 189
903 39 476
526 224 492
160 207 301
252 333 170
867 323 726
600 220 588
468 276 422
201 249 847
86 673 327
206 139 325
611 311 164
414 706 182
111 522 542
19 511 211
56 299 248
630 540 82
266 266 318
607 245 354
143 138 245
321 643 994
966 271 386
264 536 600
451 732 148
781 965 215
652 283 797
588 562 889
2 571 437
129 347 690
657 826 955
905 761 902
272 724 597
986 389 175
163 785 627
692 855 552
774 782 905
940 91 295
161 303 735
79 971 538
700 513 517
305 59 982
10 183 139
53 585 902
222 272 377
948 744 132
272 482 159
83 919 167
176 658 950
182 392 493
996 787 161
606 330 856
630 593 171
178 637 248
151 91 492
964 327 719
967 597 413
232 579 336
767 994 294
57 288 786
982 902 482
783 601 798
156 140 805
592 270 365
565 518 427
920 318 566
87 318 840
935 425 171
924 316 280
331 266 635
339 563 236
751 532 493
521 726 267
738 954 22
590 744 147
893 704 916
128 718 580
375 80 562
920 557 922
416 134 299
915 126 67
393 566 874
904 924 26
831 723 363
866 958 433
9 637 919
66 65 879
457 168 72
648 10 706
705 822 375
522 114 120
989 768 756
219 877 912
311 876 789
491 640 346
84 202 440
250 328 972
559 37 366
998 47 535
357 248 252
185 289 326
207 745 918
382 469 889
938 983 745
843 3 715
532 622 429
185 887 618
72 896 414
734 632 70
161 846 10
418 643 913
862 537 409
201 736 97
824 547 513
141 605 772
345 135 115
535 948 83
197 481 938
921 355 974
958 973 474
211 771 180
909 78 162
534 604 114
541 872 462
786 490 532
609 396 100
902 329 166
205 119 860
573 604 171
313 507 21
892 356 939
995 893 162
481 595 793
103 6 304
204 338 688
163 300 341
513 827 310
479 619 294
673 280 533
405 266 64
594 814 258
693 116 119
693 883 693
843 728 704
857 149 183
43 711 606
812 685 255
282 17 996
926 464 977
535 329 623
846 477 78
544 254 338
708 395 485
991 625 895
10 647 516
322 800 243
758 540 787
775 298 831
727 720 675
876 284 233
799 348 48
683 753 910
680 909 194
434 104 415
722 336 147
159 324 735
231 413 281
24 858 267
445 115 92
169 12 709
70 179 28
599 165 120
276 216 633
957 770 145
287 182 683
396 170 349
607 365 837
89 754 667
601 225 901
902 481 526
482 979 192
104 800 698
384 768 921
212 51 527
16 320 76
980 369 931
30 138 182
549 203 908
908 44 618
221 937 320
126 355 528
100 952 429
586 617 410
152 614 336
518 578 776
614 924 363
449 329 771
212 591 292
697 539 145
548 968 706
264 618 998
464 508 310
117 13 397
44 928 505
22 201 480
902 522 328
793 892 720
38 665 60
520 761 438
433 73 722
613 941 883
123 842 241
603 113 435
972 962 365
303 766 482
695 289 87
111 560 895
134 523 326
618 400 7
758 343 950
93 504 662
258 740 924
380 309 690
702 640 924
318 46 766
694 355 971
68 104 191
774 157 795
725 545 145
921 224 465
584 795 384
631 922 845
357 123 30
192 301 307
233 198 474
468 60 399
406 392 360
419 470 581
621 311 523
276 371 866
134 267 581
995 587 95
394 527 189
198 820 78
49 237 930
98 88 194
392 368 424
777 520 235
689 528 51
722 368 320
894 582 940
764 857 459
853 662 961
596 6 882
161 58 88
194 257 762
775 255 588
536 648 817
511 977 623
239 17 4
824 950 524
134 793 525
405 385 605
112 976 104
67 725 992
593 838 441
24 364 142
633 232 476
525 900 964
269 793 936
688 311 553
444 944 826
931 152 31
773 533 213
72 395 937
246 637 592
264 522 213
659 860 182
549 695 404
50 389 83
50 274 75
810 413 750
435 106 790
493 638 68
819 629 444
555 176 880
897 396 366
683 471 428
472 210 868
348 329 927
965 849 697
140 696 138
465 467 166
232 948 576
609 126 803
855 480 70
826 391 392
770 247 538
130 607 2
403 836 200
988 570 231
65 588 348
127 439 892
772 570 459
187 155 213
73 454 560
144 958 39
260 336 889
381 39 692
98 359 226
308 596 174
511 726 962
149 326 993
824 974 16
117 232 481
336 243 125
820 745 693
447 590 605
120 361 282
487 844 691
346 191 117
975 850 203
829 273 897
124 610 738
310 248 88
765 260 206
282 718 837
967 612 158
140 893 557
634 785 672
641 775 214
673 436 705
555 735 91
887 12 249
142 246 412
529 925 91
167 637 345
441 596 18
336 718 155
482 695 530
494 673 108
757 135 686
45 469 74
776 323 869
553 461 183
510 23 62
275 428 55
991 513 773
44 435 276
187 885 79
429 460 287
765 616 324
256 154 453
335 202 119
210 735 956
937 5 766
48 792 536
872 941 943
475 526 765
986 206 819
732 3 719
522 707 442
750 145 329
921 331 446
105 2 560
100 357 432
176 903 175
993 687 284
403 687 907
994 229 284
265 556 873
851 253 283
918 338 93
250 691 220
688 901 751
903 264 913
186 589 701
676 858 67
124 826 314
648 841 745
559 16 466
221 959 680
773 474 446
289 314 819
695 713 15
709 290 265
671 445 758
972 775 825
802 883 654
51 775 224
950 957 428
801 101 210
143 130 476
480 244 872
560 778 532
52 59 558
894 841 294
254 740 469
70 115 631
406 580 341
283 12 713
840 599 549
767 280 177
315 716 141
273 755 88
687 335 237
279 105 736
180 584 122
117 913 787
717 142 629
287 889 846
672 458 874
359 914 235
114 703 106
571 858 897
523 114 979
961 11 899
185 513 527
287 329 798
216 43 163
11 846 206
284 381 378
700 209 236
934 269 345
24 173 158
948 18 190
506 402 865
278 155 553
185 323 102
704 209 713
851 22 461
546 828 472
80 26 79
532 992 828
969 115 978
647 329 296
825 731 27
671 715 888
375 696 272
762 141 894
927 740 128
646 636 569
147 831 180
149 631 309
494 936 580
646 440 955
652 51 950
613 1000 686
236 789 999
708 558 678
561 61 341
177 554 931
249 836 353
743 415 815
465 68 694
853 141 615
22 106 996
