753
46 57 183
296 230 998
680 56 399
115 875 952
188 437 499
94 120 229
771 204 705
467 760 43
724 894 130
385 315 78
817 104 887
18 656 780
740 464 649
249 171 193
536 865 203
108 759 473
6 391 828
262 584 564
488 101 928
36 748 45
720 954 115
346 77 579
893 932 166
300 244 559
183 611 911
510 925 786
954 573 217
671 705 720
978 806 979
112 934 75
723 489 847
473 454 547
51 514 682
111 588 120
552 983 390
415 452 856
736 387 191
569 18 826
20 659 27
657 105 530
639 540 174
64 207 606
857 734 943
204 839 708
171 595 249
740 266 365
307 619 442
140 863 443
254 501 502
442 389 922
105 817 493
173 783 295
527 740 25
816 206 175
156 366 491
889 202 176
341 416 652
345 75 791
357 51 273
466 563 796
620 340 173
747 793 899
766 441 350
592 536 707
830 287 155
520 385 377
62 611 164
998 931 753
663 521 429
646 229 905
341 152 877
111 772 182
105 768 890
368 792 458
804 295 651
792 638 826
342 731 236
523 216 283
819 281 719
806 429 342
436 516 874
507 49 418
3 118 769
878 936 718
306 274 49
735 805 876
270 453 826
983 451 24
575 168 256
952 455 742
977 514 725
87 605 963
896 83 767
906 583 929
114 35 729
702 906 935
304 958 584
404 48 609
586 753 285
576 479 582
788 69 436
840 155 976
450 654 363
164 81 387
534 508 573
592 852 336
423 568 951
951 530 272
708 532 125
71 367 283
245 571 665
121 483 132
696 155 572
21 638 562
615 986 388
7 409 505
584 564 427
664 861 465
484 759 582
521 221 662
470 467 146
898 606 699
129 85 17
232 621 343
884 502 229
338 430 187
237 72 746
536 387 84
119 72 649
792 278 471
164 854 400
546 674 449
164 224 763
185 619 497
881 656 778
466 545 951
323 40 310
68 457 820
106 200 390
312 666 711
838 785 641
830 135 911
331 255 843
403 491 527
704 41 756
279 604 936
395 391 470
362 154 229
219 718 470
521 215 461
722 915 820
228 995 33
189 473 623
263 48 921
902 941 851
370 462 70
699 72 617
355 676 719
58 605 572
53 891 95
637 507 15
341 581 20
634 649 531
689 418 832
482 127 897
964 325 468
748 401 129
933 485 529
321 313 4
6 721 93
709 553 100
172 164 572
140 240 333
363 337 583
707 300 801
384 202 498
773 517 558
192 861 312
502 24 673
423 650 905
31 542 58
922 750 362
442 229 294
1 302 161
687 169 333
344 936 958
634 338 137
681 216 20
530 645 146
177 937 326
98 813 671
416 714 712
983 326 319
756 124 71
661 67 505
414 351 311
116 929 365
17 108 850
886 426 297
707 324 161
130 951 1000
725 445 790
562 890 308
559 172 109
137 712 296
935 23 833
66 851 239
201 589 440
999 631 896
19 328 60
465 655 967
28 944 603
662 402 423
197 32 972
611 502 707
891 574 66
691 330 654
717 353 827
280 710 565
192 956 999
1000 31 256
835 962 343
588 423 892
605 528 444
208 905 891
581 568 320
208 458 62
526 194 443
592 684 839
323 529 860
465 984 424
317 828 226
573 683 743
315 275 418
781 723 901
434 334 275
900 570 899
441 349 882
346 939 358
724 107 12
100 547 203
542 473 895
276 824 890
974 251 921
812 238 485
295 809 977
191 333 194
575 199 860
762 665 469
296 34 108
776 436 918
811 520 384
200 486 898
136 58 29
345 689 940
166 7 203
522 301 494
783 876 403
671 643 704
31 240 782
973 347 730
252 176 426
476 852 239
452 655 236
446 876 782
42 411 675
566 650 571
214 420 775
338 948 414
377 550 529
648 76 501
414 645 323
431 71 8
507 281 794
697 271 637
150 256 663
774 21 881
14 35 554
420 750 336
750 172 252
897 23 577
561 708 492
782 420 195
830 761 989
646 881 73
427 945 550
658 272 623
883 929 757
964 469 800
856 177 695
622 625 70
628 886 730
520 314 156
328 857 695
601 818 470
243 125 817
445 517 242
851 21 268
242 934 499
915 391 109
937 444 414
841 145 885
496 333 39
504 723 261
702 871 902
823 609 388
399 860 981
162 389 89
396 528 739
353 412 367
62 407 659
885 364 869
57 265 975
832 804 711
380 379 833
948 336 441
748 556 214
939 505 408
107 315 266
471 971 817
930 664 895
452 600 211
253 252 626
277 43 277
736 870 541
475 909 753
664 513 904
219 641 435
109 891 664
930 652 74
711 787 915
53 226 39
618 828 489
558 747 354
604 555 211
123 78 827
271 140 886
41 901 581
244 587 794
181 98 875
321 379 646
233 111 839
322 423 852
369 774 456
617 717 597
415 133 671
88 746 678
457 186 908
220 626 657
39 322 673
426 630 112
948 28 344
931 38 77
743 589 385
163 988 199
808 180 342
43 932 963
830 889 601
815 397 487
282 515 290
888 182 834
148 118 47
143 602 170
300 220 310
932 937 253
733 995 8
697 866 405
325 636 289
251 164 121
132 967 331
350 246 947
764 340 810
770 250 829
115 318 129
505 366 394
467 573 92
276 569 484
68 800 558
718 30 165
594 950 794
392 130 211
154 649 758
636 194 681
69 26 509
135 518 187
603 763 894
201 700 971
700 925 968
108 130 187
164 842 621
925 120 977
677 260 706
340 45 900
461 366 354
307 5 276
279 496 906
348 836 802
735 347 977
339 648 762
105 420 74
496 104 741
888 671 105
384 751 414
570 359 321
847 743 665
872 76 554
155 778 792
670 205 90
947 513 298
28 503 872
513 773 686
712 788 755
988 842 895
536 240 852
840 61 961
561 722 93
669 689 375
973 175 385
159 523 79
589 426 78
274 431 671
654 384 244
348 637 395
634 658 527
285 326 424
10 853 792
42 932 549
951 33 594
58 435 862
356 238 202
468 33 754
639 582 317
956 896 77
261 125 85
927 955 343
362 573 421
630 220 73
796 799 942
647 967 491
228 417 112
835 311 959
681 591 570
480 748 67
399 653 125
413 971 315
959 67 381
576 221 704
110 743 993
130 574 596
267 667 874
868 165 867
283 756 154
188 754 919
712 198 624
369 890 87
412 711 85
862 236 624
920 852 418
944 457 173
141 879 384
679 592 501
92 86 578
700 334 867
623 192 147
45 630 165
5 320 183
92 955 940
463 617 788
587 758 181
232 180 372
102 568 542
386 397 693
36 568 610
92 211 409
695 147 154
470 207 542
173 511 810
286 684 571
136 4 6
423 403 885
307 360 888
296 553 264
913 414 666
829 438 395
656 511 200
171 628 351
756 40 458
119 475 85
601 851 256
603 302 191
399 403 20
574 974 221
89 735 97
2 305 236
363 966 477
251 798 201
949 277 819
668 107 355
189 526 16
997 924 414
70 368 739
214 319 134
404 489 85
570 25 970
264 167 477
156 445 141
361 609 892
818 876 67
2 894 338
787 529 912
672 465 562
613 982 499
272 953 440
399 469 619
954 697 162
905 502 548
502 621 869
220 594 728
525 636 434
845 55 184
13 688 815
276 466 429
896 439 296
308 265 785
619 443 617
711 287 488
241 955 388
57 177 410
167 93 761
582 623 103
682 721 700
652 823 220
51 836 486
576 102 69
652 324 266
270 28 576
536 792 586
285 100 290
533 112 91
237 721 617
892 371 656
762 265 98
896 414 585
153 811 541
700 913 172
40 984 888
306 887 445
976 756 997
596 884 888
224 712 333
133 912 814
941 393 872
604 72 450
732 783 950
293 318 722
437 389 45
749 234 544
818 990 936
247 959 918
732 596 495
467 122 766
194 641 521
49 378 601
304 774 244
288 231 185
968 386 223
343 201 598
855 990 14
524 655 35
850 323 199
962 418 730
794 675 825
999 852 28
406 140 534
786 970 315
485 905 659
46 951 426
591 231 679
516 348 228
706 451 188
604 458 261
575 627 936
324 575 569
672 365 100
605 896 785
548 575 289
767 479 572
13 12 566
922 160 201
643 839 174
34 248 398
107 464 2
604 363 587
755 106 340
598 134 726
263 105 654
670 621 942
473 806 924
738 772 297
237 508 119
91 47 601
450 16 647
601 892 40
345 362 886
456 33 225
352 567 912
888 539 110
704 741 519
158 17 682
612 968 555
571 172 225
181 143 560
333 624 232
791 177 873
320 406 776
408 995 93
992 874 277
585 491 660
61 595 494
414 882 277
703 297 93
953 949 857
497 191 689
313 397 855
987 470 189
651 933 39
892 622 182
810 224 192
540 206 982
653 338 705
196 748 461
509 825 369
764 537 580
790 454 339
125 483 958
835 153 306
468 14 793
180 528 678
209 393 66
197 3 337
915 540 982
716 119 269
474 407 660
278 350 785
438 168 188
684 593 91
794 508 977
998 389 610
897 906 5
392 276 469
257 913 53
621 239 886
450 856 201
564 585 914
142 568 898
79 474 902
902 941 714
361 760 312
396 223 331
604 412 861
960 29 546
580 813 476
874 906 681
810 796 458
829 556 388
751 510 509
782 991 45
862 858 374
775 167 6
287 258 727
14 279 284
244 446 894
168 339 408
819 31 125
571 389 706
957 1 891
962 703 360
605 86 989
510 909 617
668 712 669
512 913 726
170 692 45
716 96 514
511 355 131
128 125 669
145 744 383
72 540 841
932 915 560
239 888 46
727 554 273
464 143 647
441 32 89
237 340 205
610 715 350
720 946 610
498 12 200
274 883 653
615 403 404
821 651 695
760 693 8
982 740 721
598 68 76
851 305 727
774 101 267
189 735 470
328 916 145
593 356 382
114 589 868
511 555 948
480 166 331
26 524 281
24 961 539
619 173 693
954 232 581
546 103 757
638 302 910
310 642 785
287 708 606
412 938 851
212 174 634
824 794 474
81 598 634
293 559 955
510 921 736
185 180 973
870 461 773
670 925 782
855 46 23
519 339 893
429 389 419
624 667 91
44 667 651
784 661 591
39 442 180
697 392 68
574 642 420
817 661 306
298 406 272
815 110 725
999 230 698
207 872 209
706 48 688
372 712 326
586 249 301
579 889 528
754 591 361
505 266 200
139 879 155
845 433 16
428 400 498
613 546 194
86 312 624
82 883 886
