800
614 482 741
514 349 911
234 506 609
125 724 321
105 278 794
65 165 635
454 251 362
439 357 43
131 391 26
528 560 4
100 926 497
924 933 869
20 379 501
217 406 508
530 658 905
352 363 395
269 503 995
608 667 500
802 155 98
8 539 94
921 285 868
700 825 272
170 863 361
246 723 161
7 834 902
89 807 683
744 26 961
485 854 713
373 260 238
437 131 768
853 507 865
271 154 353
185 555 92
248 889 352
920 64 918
843 365 825
148 162 730
624 435 227
32 403 940
203 742 572
568 225 178
161 261 824
863 565 123
753 55 720
852 194 728
631 909 821
37 74 66
68 540 158
45 946 885
684 990 588
436 468 839
243 620 670
108 233 35
883 279 327
128 972 834
68 122 309
430 73 841
177 586 601
254 784 363
95 326 157
814 839 163
395 910 746
722 152 919
926 1000 552
112 445 234
256 402 914
483 456 428
921 578 649
698 688 114
694 27 106
658 534 487
351 384 879
624 804 605
900 24 314
684 108 828
758 842 835
929 266 624
652 484 329
510 845 208
34 210 582
695 863 928
788 936 152
814 87 699
348 1 20
392 925 209
788 287 305
44 843 858
464 705 138
857 22 598
375 608 238
377 958 395
355 56 114
208 73 663
697 465 571
635 138 697
229 607 952
820 502 981
571 748 455
819 31 796
838 615 219
889 136 562
242 841 359
369 840 972
39 619 671
82 546 359
165 41 545
628 423 63
886 790 44
572 440 697
745 398 378
627 267 59
821 357 779
978 733 433
180 178 101
596 89 823
802 880 851
654 550 558
666 502 117
724 611 698
280 796 691
867 643 172
565 341 732
552 574 333
957 465 501
8 312 837
708 205 236
337 120 558
221 331 48
61 426 413
12 881 34
761 545 734
57 803 481
764 384 599
829 852 708
427 954 829
7 250 621
642 339 517
922 562 811
649 799 428
868 305 323
329 666 865
321 456 493
363 463 705
158 376 948
736 555 716
938 422 846
16 388 417
664 852 267
63 764 328
67 41 732
567 93 990
924 500 440
501 450 427
699 99 383
784 612 352
199 724 826
768 954 259
838 244 481
342 802 114
154 967 226
224 937 374
424 788 95
998 703 846
521 387 434
705 355 1000
389 313 524
791 702 197
900 92 941
902 388 17
911 624 563
903 879 817
490 119 612
737 258 933
399 294 903
730 126 614
69 755 415
581 356 381
234 679 570
616 192 633
231 119 854
51 62 195
362 330 955
887 855 82
744 124 628
383 27 389
234 233 678
311 444 685
194 946 944
706 16 277
304 848 741
285 717 170
871 541 951
357 42 514
561 263 784
702 770 816
304 170 346
622 852 221
428 870 504
690 665 234
413 513 430
665 864 809
894 743 325
189 71 459
804 561 699
73 244 407
754 125 640
925 76 884
966 994 336
792 668 94
237 4 490
527 93 452
784 732 482
781 620 208
410 864 236
385 267 112
72 48 809
50 735 595
615 180 970
211 376 238
741 567 726
797 833 172
757 395 136
779 793 796
971 599 102
669 668 271
341 695 967
303 173 658
362 430 705
299 48 961
275 192 981
322 258 974
572 127 883
320 38 180
765 226 241
252 754 516
679 398 126
593 572 454
755 702 957
956 536 568
45 859 6
882 697 451
858 762 825
390 619 882
258 912 523
723 888 914
620 249 443
459 576 490
847 226 710
674 768 475
938 1 370
233 749 356
58 476 642
993 100 136
673 566 812
519 330 543
547 127 648
413 843 765
119 781 902
571 238 207
289 938 372
826 851 281
402 979 989
797 569 156
50 60 323
980 121 323
934 607 485
279 896 698
342 551 512
979 756 38
831 393 254
457 977 43
308 185 66
190 861 239
78 581 549
509 439 10
205 435 834
867 532 719
811 450 563
217 750 837
857 596 577
300 754 230
760 761 466
384 443 584
977 418 379
64 312 933
162 227 404
635 830 478
636 840 971
590 482 11
397 604 991
794 127 720
454 110 5
271 363 514
43 821 560
682 31 737
998 204 496
468 784 755
250 445 643
606 809 652
224 866 308
208 75 38
620 338 992
691 643 698
658 914 198
26 447 111
976 936 509
854 513 248
447 505 994
945 648 782
279 112 859
258 915 206
198 827 336
656 87 530
415 334 789
61 155 771
16 718 645
969 29 142
455 460 37
381 729 742
568 695 692
600 789 316
522 501 408
833 671 698
868 565 270
916 471 596
221 234 788
653 450 992
534 356 984
314 569 395
916 942 488
215 201 683
843 301 910
175 353 418
185 430 806
894 272 621
409 452 281
491 431 460
658 922 894
529 119 688
781 375 968
760 409 370
529 817 910
439 764 979
989 999 936
384 485 691
624 316 771
223 923 629
37 128 322
441 198 73
227 874 427
471 268 960
1 682 698
13 239 470
533 348 615
905 96 619
887 47 581
674 246 485
451 704 400
373 517 344
278 7 270
111 170 749
479 300 216
541 150 302
397 454 352
578 66 938
433 232 254
952 100 288
546 338 486
551 680 86
654 49 369
610 868 702
3 230 156
839 997 282
472 144 608
737 457 693
15 640 896
147 233 369
745 304 478
200 741 294
441 397 462
440 528 228
292 845 888
602 879 314
590 617 600
365 285 179
613 601 996
754 883 786
490 802 868
364 982 6
751 100 8
848 778 179
774 577 400
323 505 728
896 277 690
115 181 94
264 347 528
154 547 457
318 937 695
173 8 720
786 864 181
927 485 593
216 135 315
234 702 288
356 907 763
973 807 735
817 896 633
205 474 404
993 387 563
421 395 671
792 853 600
355 886 202
213 770 406
346 400 418
479 662 626
37 182 882
836 342 905
588 821 71
462 235 638
29 176 383
416 954 5
332 697 498
517 741 394
878 773 606
159 728 457
297 584 542
726 593 282
877 342 169
810 171 69
21 523 360
538 895 522
999 648 62
497 537 697
290 290 314
641 247 896
116 268 752
252 559 201
623 254 138
399 424 307
475 726 131
495 227 535
287 34 100
55 971 20
376 548 309
695 221 451
962 580 753
329 364 69
947 550 656
790 713 865
105 805 287
387 891 28
19 456 130
204 913 12
476 881 255
636 152 11
927 922 378
722 525 639
893 146 563
134 213 475
962 823 447
407 61 904
905 393 66
967 499 514
835 817 799
340 531 305
882 613 985
227 237 169
38 59 11
556 61 335
628 879 391
566 5 676
856 225 805
642 684 914
414 997 860
194 357 975
398 344 327
763 705 554
326 710 35
982 525 795
873 393 518
346 795 5
91 586 760
106 140 442
90 458 533
343 788 626
9 154 64
369 339 992
499 858 732
432 88 732
814 919 842
915 833 357
909 73 102
508 846 796
284 418 907
382 437 104
605 356 961
115 742 241
426 806 443
823 844 146
966 957 625
918 662 55
343 122 699
790 164 207
509 4 698
473 48 773
564 513 99
974 358 341
341 355 490
796 523 515
933 946 234
993 472 490
90 374 175
216 261 998
422 602 986
35 568 83
467 650 64
497 695 383
800 720 828
356 818 31
229 386 444
774 101 362
659 47 805
744 344 19
723 930 481
343 159 732
205 942 16
613 780 808
738 580 910
972 462 115
700 744 818
985 730 932
725 923 654
893 545 212
735 993 5
41 543 734
939 743 58
752 748 419
477 360 674
735 634 768
191 838 190
288 67 356
420 84 625
162 648 425
921 68 266
93 47 790
60 775 256
98 825 899
383 877 837
193 183 395
423 152 615
89 79 480
958 333 329
941 208 966
422 363 801
537 423 881
488 185 510
236 45 695
652 8 599
280 690 505
99 336 122
482 881 524
842 579 765
758 298 897
313 509 93
893 84 203
104 789 360
604 477 867
930 749 476
841 781 657
972 633 981
781 996 600
283 334 514
213 848 411
956 453 8
145 717 273
518 447 977
953 425 273
812 914 787
788 745 679
685 392 409
247 563 276
616 411 275
451 465 731
326 488 505
136 545 29
382 646 381
615 537 158
38 577 306
922 113 522
960 22 745
727 771 426
61 299 70
512 353 652
313 450 48
439 631 511
233 261 414
907 632 335
294 440 353
704 15 457
213 135 831
781 191 458
66 433 526
426 431 554
506 624 712
206 63 773
141 820 330
247 19 620
437 604 334
375 926 892
132 808 202
64 838 92
3 780 317
602 924 105
851 70 324
362 170 337
145 916 62
784 292 617
809 710 169
868 26 802
762 688 583
433 40 709
54 394 757
568 392 380
674 816 486
939 77 561
488 341 215
358 535 693
639 612 817
156 443 88
614 833 173
331 587 783
977 475 602
492 475 762
74 650 928
3 119 731
16 421 697
652 630 844
214 768 683
650 918 635
499 32 382
680 500 820
327 167 301
510 145 557
999 743 30
390 764 550
964 927 558
281 774 782
161 266 462
275 629 439
613 831 967
272 413 169
61 4 605
525 100 211
317 960 240
646 328 230
182 808 197
296 490 107
333 534 816
771 782 830
380 869 212
923 893 12
465 513 34
363 692 122
142 78 75
742 79 151
4 729 395
368 905 944
221 669 625
816 729 480
377 222 953
284 496 249
497 743 170
958 150 951
105 119 328
716 685 765
374 151 740
782 441 339
271 84 335
635 418 975
254 972 420
397 117 339
551 387 761
262 680 658
957 395 304
348 102 934
95 794 546
963 991 647
862 544 913
464 987 236
983 647 85
347 355 370
403 390 777
581 501 705
764 409 439
551 574 4
880 228 473
323 451 581
563 230 566
277 687 371
436 674 594
433 741 646
838 369 367
871 420 943
240 300 20
347 436 676
459 832 347
929 770 72
889 880 193
22 528 649
601 272 263
372 922 687
431 504 368
513 124 298
914 835 783
161 349 988
567 951 437
764 26 723
325 486 168
365 41 420
702 149 183
346 184 117
850 809 518
978 89 720
550 898 415
470 394 133
430 181 543
60 886 392
232 127 535
433 383 38
525 57 347
825 180 485
429 647 886
659 709 316
498 244 368
81 313 266
109 347 91
27 820 609
751 890 122
705 82 516
961 358 216
690 753 42
374 675 803
275 371 676
11 321 832
776 994 635
857 142 831
715 317 301
72 27 733
761 409 822
37 682 234
284 872 460
356 347 836
963 583 611
972 517 644
543 514 874
574 367 448
894 454 941
615 968 1
407 399 962
600 438 542
768 657 876
7 665 600
236 130 906
825 682 320
309 571 454
141 392 457
41 179 661
168 598 262
275 778 273
374 675 566
517 324 943
716 230 53
737 262 893
361 106 158
242 427 586
789 432 457
568 720 746
666 543 310
245 116 432
656 651 958
263 779 430
230 805 680
117 129 402
24 347 106
801 439 184
567 719 208
492 102 968
871 744 607
79 384 787
33 747 382
139 987 608
824 733 380
264 814 84
990 205 950
646 312 576
883 979 425
206 337 75
989 443 640
806 907 204
11 704 168
8 687 281
