8422
892 939 759
586 928 432
624 542 364
543 946 834
336 81 194
325 401 375
881 33 371
629 329 695
701 95 811
516 601 507
386 289 145
748 637 296
108 849 452
516 236 70
875 652 129
332 245 24
881 922 282
138 613 798
152 604 791
904 991 197
45 185 668
295 483 712
808 147 583
293 487 331
792 729 801
388 138 65
925 267 305
159 63 324
34 198 810
620 562 935
253 829 16
988 367 982
432 540 153
248 512 701
228 841 422
329 713 28
789 137 914
492 969 409
363 53 815
708 183 335
231 503 501
10 756 134
279 618 562
282 439 752
986 833 468
1000 697 677
721 166 223
965 180 231
817 951 47
722 911 788
826 1 140
565 504 794
665 578 593
469 74 512
232 928 617
331 36 493
906 845 455
591 103 287
963 436 274
325 224 312
619 128 585
23 548 530
74 144 876
116 781 849
516 21 666
816 738 40
557 858 275
76 716 747
521 846 772
492 665 487
75 523 795
792 276 410
878 1000 599
754 761 720
652 419 986
435 691 985
183 787 787
791 712 870
199 993 240
170 364 74
21 459 521
778 37 682
466 566 388
704 792 367
274 396 345
923 795 529
640 668 370
227 436 791
957 535 787
740 718 195
998 626 729
812 335 520
597 892 73
240 880 183
656 705 342
538 270 366
811 168 960
394 470 910
641 934 287
750 53 317
29 255 385
980 694 799
37 710 910
259 135 987
482 211 820
364 71 11
72 827 545
879 693 806
661 417 997
653 98 354
122 286 384
319 295 847
576 563 296
893 363 208
908 20 413
677 817 460
703 776 693
209 639 956
528 702 701
303 5 515
599 397 298
271 85 605
56 286 398
358 945 207
109 439 64
553 10 881
137 502 400
460 28 971
144 669 308
732 564 443
830 357 262
945 94 444
696 45 371
221 644 958
954 605 927
353 232 733
838 369 116
480 803 929
125 757 880
818 480 831
242 180 384
710 51 222
61 361 863
781 180 58
20 209 718
483 562 953
408 769 788
731 144 244
917 726 654
514 283 953
341 46 962
257 802 342
126 216 199
274 592 709
912 1000 176
93 817 462
261 304 960
335 47 704
629 146 670
258 644 616
791 186 279
638 1000 915
341 708 385
51 808 270
967 521 702
375 510 977
856 186 899
838 965 640
83 172 717
42 370 966
51 338 169
668 405 128
699 10 989
210 225 847
281 60 144
50 259 768
251 635 930
994 484 545
604 50 703
993 594 841
777 151 418
904 201 575
831 845 369
562 754 827
853 708 981
641 357 20
218 1 277
116 581 977
784 24 358
493 483 483
281 675 276
601 910 336
643 612 281
978 847 250
66 166 121
466 855 228
24 539 913
933 313 318
905 158 115
99 967 737
569 716 377
239 843 938
14 795 830
237 188 79
171 37 450
152 639 552
766 818 834
276 703 231
534 996 26
365 506 964
251 140 734
337 333 742
976 584 778
455 718 181
335 45 79
914 872 906
841 924 762
470 212 531
810 501 108
306 849 160
203 165 355
79 795 224
588 879 36
872 564 993
313 766 563
827 577 834
938 559 587
106 563 670
305 173 880
116 645 704
710 13 569
223 962 278
919 219 967
706 749 631
371 139 299
160 526 270
622 336 747
475 799 192
762 870 686
229 746 535
769 376 713
477 584 209
911 633 79
804 803 991
672 614 327
473 229 6
938 377 273
805 734 285
863 593 552
479 646 652
992 706 583
268 436 643
549 961 333
548 838 755
333 92 378
55 514 825
646 817 781
372 682 189
10 983 907
401 253 563
680 312 331
782 42 872
559 334 752
772 771 53
826 562 712
541 852 259
371 525 131
138 197 896
56 276 286
903 402 639
451 888 755
346 734 29
500 208 816
244 731 367
357 176 278
698 342 51
392 881 782
663 167 205
5 500 368
574 220 399
950 23 43
996 393 220
48 661 831
371 126 439
527 282 714
109 574 527
446 885 450
999 833 238
901 624 43
396 7 190
109 371 407
894 199 149
990 789 321
459 257 588
190 232 216
851 28 142
60 268 258
926 570 537
67 605 132
770 72 437
264 464 681
578 340 741
7 237 262
592 503 281
405 601 618
892 376 928
128 921 475
496 671 384
885 207 78
415 743 539
577 634 970
6 849 826
418 311 814
636 295 612
338 814 561
33 339 450
967 905 182
873 337 830
625 332 159
320 898 184
285 572 757
751 55 356
75 46 275
728 602 222
343 328 778
816 221 119
268 571 628
461 619 691
66 317 745
844 451 77
356 922 273
271 329 575
140 970 66
503 782 868
961 297 431
128 193 604
81 435 801
27 67 852
966 474 909
655 965 340
796 797 403
655 699 888
619 421 674
763 845 531
234 997 787
575 973 778
995 550 834
580 705 467
248 330 601
912 588 26
886 856 94
38 102 310
45 563 10
670 233 195
867 325 530
722 356 225
355 608 666
168 157 183
831 433 97
750 262 747
438 366 612
599 190 160
357 796 102
612 694 696
96 401 294
155 731 147
822 782 403
297 857 738
119 712 946
243 187 556
453 749 268
38 32 722
524 413 354
592 973 931
66 395 114
768 377 274
596 542 429
228 959 642
743 356 123
68 666 482
996 398 733
560 274 94
769 204 901
185 717 534
108 742 386
907 276 316
282 648 764
51 398 25
677 728 746
810 904 537
886 89 1
248 833 270
36 558 982
514 835 861
716 953 47
747 523 632
61 201 426
814 872 516
591 862 709
837 563 550
820 2 778
851 5 871
803 898 189
730 561 151
563 716 287
85 877 178
6 16 599
764 100 97
79 992 106
993 881 313
100 340 542
333 867 160
747 625 564
947 937 250
596 994 109
460 652 5
955 430 784
447 5 707
474 674 258
70 100 298
148 419 990
443 130 587
632 962 48
686 267 847
381 626 152
321 16 298
422 244 491
933 841 241
193 63 85
163 458 539
638 758 507
496 869 832
906 652 922
746 576 740
137 527 388
549 834 976
74 178 850
862 735 755
747 582 180
982 723 997
444 312 990
621 812 38
801 564 960
764 826 967
235 130 192
618 483 653
449 508 402
398 815 52
428 435 52
257 795 90
43 695 29
432 227 756
549 212 668
984 529 478
388 733 754
9 864 707
521 415 662
1 698 689
45 946 395
809 390 906
446 254 175
915 841 357
682 299 658
112 71 733
657 758 534
182 242 286
111 476 223
848 738 727
818 308 826
216 798 926
143 567 82
747 900 981
523 449 970
609 814 344
621 459 574
483 121 740
210 181 933
35 68 458
227 590 390
654 519 320
486 269 817
832 633 175
110 655 506
365 576 997
403 723 558
782 120 178
160 988 54
917 77 888
855 231 332
889 582 965
1000 327 524
519 357 492
65 660 60
179 292 387
855 584 793
36 86 505
781 911 515
165 814 412
829 289 975
467 181 999
76 735 213
645 925 315
146 42 640
460 403 310
512 381 370
974 13 786
557 294 596
73 321 512
693 442 743
982 980 460
989 130 176
300 70 822
415 365 370
44 366 533
891 677 202
304 596 545
656 238 252
250 584 567
715 37 837
598 878 872
977 445 916
770 305 694
145 309 422
506 80 402
217 50 720
328 98 40
142 808 699
52 661 466
284 85 559
732 407 645
344 680 633
167 759 372
554 532 581
392 599 980
999 20 926
91 472 118
154 364 717
718 259 535
651 157 796
512 569 848
673 881 620
843 17 467
722 414 376
269 805 773
921 386 537
523 882 918
133 751 523
631 953 226
432 124 351
342 249 689
988 895 108
648 915 180
215 92 507
484 125 801
368 807 368
705 346 633
552 995 219
666 608 502
252 428 572
306 631 338
834 316 854
28 400 273
107 578 766
315 126 557
403 101 708
865 471 545
985 416 657
737 315 658
137 24 775
904 116 78
867 316 480
832 523 851
855 624 930
10 397 532
617 816 707
318 348 670
884 89 491
604 679 617
671 685 240
747 364 437
575 900 878
505 336 485
429 841 791
632 493 734
370 751 141
437 623 399
101 458 315
117 680 823
369 274 774
1000 232 401
204 197 558
700 876 439
740 409 896
327 848 350
728 906 713
900 674 853
207 635 657
353 332 505
399 705 179
982 390 922
664 447 962
98 756 99
73 900 654
360 317 834
639 285 745
362 152 337
672 419 316
282 853 765
759 226 117
283 656 394
404 65 715
479 923 643
554 943 11
529 436 857
546 112 986
955 78 554
529 380 777
955 979 200
38 776 599
677 385 666
723 478 612
851 790 341
511 356 360
336 379 622
403 984 533
982 850 741
869 962 70
606 613 309
266 399 152
423 36 991
910 632 788
220 18 88
4 318 103
694 317 104
905 109 772
836 428 623
925 41 176
572 912 151
399 383 198
963 966 25
127 663 809
458 808 765
820 898 674
935 777 141
569 470 723
500 135 878
96 364 847
810 675 517
289 494 683
267 908 806
818 357 786
209 938 294
422 785 71
895 36 910
524 344 207
228 560 879
852 166 187
722 752 654
378 239 232
917 770 938
189 317 723
405 820 613
523 14 451
508 443 809
753 940 175
168 852 342
535 801 449
396 600 572
568 713 967
247 723 687
45 859 339
817 329 379
586 514 708
48 38 361
83 805 443
990 209 35
57 992 903
353 286 85
643 19 366
298 556 170
927 771 412
405 203 964
266 824 639
531 433 968
22 213 174
972 97 87
276 799 453
508 841 395
138 406 684
605 782 273
546 209 265
632 309 895
601 819 609
385 324 720
636 25 182
334 725 935
746 903 857
336 897 11
288 54 874
158 917 799
319 436 762
941 700 798
928 636 661
902 74 906
400 437 391
26 775 224
611 175 956
916 26 827
797 633 727
493 67 848
405 559 517
684 608 417
625 893 868
139 703 266
599 560 258
847 186 273
160 569 818
376 716 674
822 94 146
263 464 22
990 49 736
89 888 220
540 125 241
360 153 943
946 542 473
957 133 8
534 906 854
318 834 504
232 517 839
339 647 56
458 967 709
60 644 117
762 408 224
813 389 390
896 179 319
599 628 236
351 969 523
129 69 217
234 869 35
107 847 87
422 857 555
49 205 422
804 559 863
818 961 144
114 285 41
429 116 857
508 481 11
49 800 387
964 642 891
233 218 384
52 648 761
922 343 487
276 278 464
432 891 26
96 463 860
810 50 620
912 186 58
628 640 816
458 611 613
387 771 463
846 448 608
555 422 452
148 691 521
850 824 792
606 615 426
101 694 682
87 138 636
230 539 302
646 723 809
900 896 916
242 894 588
924 811 312
478 883 338
981 389 275
954 700 794
88 445 906
175 690 719
521 911 112
746 319 459
796 993 416
820 537 185
358 134 694
563 648 814
847 850 20
232 493 730
69 234 549
34 812 984
550 228 705
210 630 939
71 777 497
421 849 167
410 164 627
192 188 571
822 309 44
747 29 609
595 278 227
221 958 267
467 237 719
219 737 351
397 805 858
965 607 569
610 909 667
827 61 874
836 687 74
684 285 112
301 22 952
169 669 943
570 697 760
730 601 388
444 267 664
451 598 618
601 134 901
810 380 170
308 64 394
680 676 604
708 640 163
709 923 501
105 423 672
214 681 53
476 757 459
730 162 849
661 768 571
580 509 470
444 63 347
554 898 474
264 375 189
897 754 56
958 818 202
889 432 669
424 151 195
971 229 336
889 519 43
689 107 459
161 142 24
728 127 414
534 793 229
306 846 254
608 343 818
556 997 908
35 659 942
625 867 686
868 964 685
48 541 263
242 714 181
455 495 830
191 591 724
257 325 215
823 424 696
33 222 624
470 239 790
182 471 889
59 196 229
685 237 766
11 251 201
877 51 951
343 305 547
495 791 674
177 251 799
119 103 543
934 319 268
832 508 683
488 614 249
14 984 286
636 110 744
627 206 60
139 555 966
209 178 344
986 44 665
232 593 317
385 62 52
413 714 118
79 814 672
775 544 84
168 642 541
339 75 572
938 66 396
989 38 389
888 40 561
866 379 770
733 50 194
248 732 759
569 590 183
599 173 176
266 791 679
765 155 59
518 554 67
744 723 606
660 688 578
70 648 601
447 12 101
472 550 757
484 162 532
536 279 401
578 586 493
700 445 970
693 9 8
856 933 275
447 918 476
182 670 598
449 487 992
325 860 369
529 826 299
421 828 637
366 963 116
163 557 918
880 738 439
227 234 340
478 28 123
30 284 53
958 345 970
969 108 441
134 727 514
831 134 817
995 152 765
153 829 904
548 525 862
238 138 27
426 915 805
473 283 33
290 976 945
890 690 266
302 894 562
977 950 757
734 205 952
247 118 694
307 234 868
5 222 889
310 337 567
655 297 538
657 201 401
939 993 966
799 269 547
127 60 360
342 335 563
156 228 505
762 310 701
655 741 773
146 950 658
234 196 341
616 605 40
523 719 381
660 395 673
206 942 56
18 510 690
233 261 883
101 80 459
663 549 278
257 109 715
868 232 643
724 626 2
7 488 429
503 566 470
936 88 453
851 132 383
340 40 211
273 517 327
653 965 406
473 405 186
607 912 96
728 79 595
704 121 685
963 434 539
237 199 255
343 975 784
572 131 962
243 93 612
765 632 777
565 477 834
360 829 763
347 165 485
338 717 137
46 397 45
629 358 88
120 598 890
968 735 131
936 559 913
367 313 780
598 482 749
986 622 232
128 310 803
139 723 951
982 322 604
670 20 439
861 40 990
527 446 734
343 816 278
682 23 431
144 176 739
696 15 850
777 509 927
627 306 781
488 143 897
828 337 484
429 273 394
122 436 793
808 316 211
527 779 603
853 929 1000
560 839 934
367 283 476
848 39 106
627 150 588
912 570 387
739 985 481
33 855 536
13 910 964
15 130 590
250 249 23
655 532 288
616 695 954
665 378 733
75 99 412
565 948 757
29 224 453
554 550 513
245 890 171
57 471 424
535 392 841
852 996 469
797 29 32
986 770 476
520 569 199
800 475 562
891 296 332
304 823 162
943 544 359
691 553 354
37 608 408
740 562 290
160 234 359
297 448 633
914 488 263
569 24 567
407 21 359
620 34 25
854 351 493
162 937 64
800 76 683
534 370 692
600 434 639
818 481 699
215 561 733
213 8 323
926 703 354
408 873 254
499 810 723
843 460 372
139 236 868
941 420 757
98 456 993
799 371 801
524 444 715
436 923 651
90 33 603
811 955 212
319 912 55
797 18 697
732 842 930
562 954 718
169 856 581
401 208 230
756 890 708
115 539 392
203 731 674
727 213 184
15 373 345
824 192 887
178 225 855
559 836 33
432 603 903
169 744 692
473 1 863
576 58 524
580 423 586
867 356 478
837 937 611
602 938 185
419 105 729
862 657 799
583 420 78
617 124 255
800 141 606
703 79 36
681 638 461
667 241 739
812 954 404
473 82 131
361 245 567
348 734 760
969 283 79
25 510 764
543 572 37
900 941 615
603 334 944
205 629 73
605 550 88
711 230 813
814 735 671
277 732 9
185 946 541
721 203 321
424 203 7
315 864 697
672 390 110
948 660 196
847 384 395
10 292 838
669 170 771
285 134 405
287 484 173
495 432 856
20 468 553
295 157 303
539 422 505
295 678 459
862 203 328
480 791 548
394 54 211
208 686 754
371 909 338
598 279 371
75 954 805
402 971 536
235 772 50
1 537 253
285 624 262
597 654 717
385 260 533
662 879 823
637 479 209
769 819 47
528 688 783
299 745 482
607 879 808
391 240 171
7 635 681
473 121 294
783 84 85
139 310 419
840 602 867
141 135 864
326 669 264
927 524 528
967 920 787
36 398 21
810 468 456
805 899 519
169 940 236
447 992 172
915 828 499
802 449 770
7 880 478
709 358 895
783 680 547
646 828 123
103 777 42
833 624 992
836 314 484
338 661 548
293 652 174
704 243 944
547 463 267
377 429 106
739 80 521
257 494 651
519 898 853
833 273 863
674 451 15
864 707 741
313 262 849
840 9 745
781 263 368
314 509 297
128 1 585
49 735 252
916 216 651
291 972 483
746 344 561
779 579 972
928 178 246
954 622 473
865 221 245
233 711 663
424 994 369
382 891 149
71 572 903
666 185 94
566 494 935
526 404 637
612 8 41
333 203 911
623 528 532
365 420 526
252 848 218
799 160 817
44 219 844
882 460 383
773 377 849
288 911 675
328 762 212
652 743 719
116 277 905
713 655 426
114 808 879
171 202 132
387 11 164
233 788 896
15 383 816
606 365 775
852 186 563
562 639 157
56 790 817
860 24 63
712 927 6
578 753 816
917 320 185
274 118 796
22 826 554
698 956 98
971 6 101
821 303 625
769 331 822
763 697 49
11 53 278
969 32 631
451 250 939
44 408 588
570 261 508
116 883 562
758 985 286
675 209 787
671 613 691
638 771 465
929 273 33
580 187 708
390 465 774
870 380 326
416 784 224
79 241 769
872 378 978
765 787 848
437 793 633
109 32 637
520 35 451
13 930 371
566 310 954
894 838 921
154 180 84
200 960 936
663 591 699
649 117 702
69 506 204
5 447 555
260 12 54
550 209 543
721 422 502
612 467 596
406 748 322
82 906 724
38 113 149
378 153 726
547 370 429
984 727 244
73 671 226
815 590 274
96 178 127
208 638 280
411 564 342
930 156 65
730 633 320
201 107 635
667 331 613
924 820 47
79 992 925
942 9 697
465 789 471
657 143 544
174 79 171
188 128 689
321 178 899
777 575 184
785 503 118
434 789 877
324 491 430
30 5 893
474 12 551
269 18 232
547 447 38
422 851 878
242 401 819
428 103 629
758 860 795
909 768 975
637 779 466
290 889 386
435 467 359
569 130 527
567 554 262
119 357 986
496 337 629
166 460 664
211 981 4
26 335 148
689 970 982
903 343 114
181 354 71
617 939 197
261 335 210
367 246 116
637 371 786
128 139 588
214 52 968
30 218 806
551 737 864
376 308 211
799 70 403
962 917 334
689 360 852
900 496 633
808 490 896
799 313 490
45 926 822
82 726 233
835 891 829
566 417 993
263 958 407
411 831 655
457 61 886
539 723 520
297 541 158
737 713 445
89 520 318
438 197 271
776 247 509
392 394 496
385 544 264
164 368 866
886 637 698
964 387 943
430 822 11
565 142 469
334 720 795
965 305 585
570 674 809
644 208 467
823 295 177
194 933 982
621 228 335
891 922 814
238 618 192
863 598 66
565 69 614
248 529 54
485 720 994
489 899 235
662 1000 880
425 525 283
523 196 521
97 135 679
777 378 463
677 592 823
636 573 16
106 808 404
531 802 543
757 29 116
106 780 624
675 992 251
617 510 910
170 782 834
701 634 548
451 873 255
116 815 330
228 33 692
968 326 462
267 567 376
987 89 299
789 664 209
897 199 172
644 714 416
638 254 737
178 279 480
90 752 328
581 360 879
721 391 461
667 489 915
432 89 339
596 570 710
655 154 650
136 971 486
736 316 125
156 67 928
231 483 205
779 500 195
745 519 662
583 604 719
32 691 970
215 516 770
520 826 897
332 974 771
137 807 586
878 550 25
441 463 690
503 622 198
933 78 992
849 359 163
645 556 50
185 933 973
878 828 704
130 299 414
371 260 261
823 991 623
186 97 135
195 863 653
484 300 45
457 705 42
137 625 413
927 514 354
901 402 687
932 357 356
684 481 320
662 13 15
438 855 924
873 67 672
788 313 183
493 998 803
477 909 299
11 680 477
706 624 227
954 841 588
3 473 63
516 210 175
871 399 557
456 706 473
866 684 566
447 242 251
97 829 446
3 134 77
679 871 421
780 899 935
928 938 718
78 128 149
51 378 179
89 941 234
260 519 392
364 708 721
268 100 214
474 348 18
668 104 47
958 792 969
260 587 797
261 84 410
876 168 595
98 520 322
297 55 19
757 89 822
206 821 936
269 698 715
794 319 190
795 124 406
486 110 201
146 733 783
229 261 139
225 208 13
403 304 394
494 735 507
421 806 246
219 29 612
250 888 561
67 518 874
507 795 159
460 56 444
999 584 100
796 742 786
878 472 346
850 411 318
52 863 922
599 70 113
383 686 936
374 131 649
745 477 308
703 619 583
247 206 370
14 456 559
356 687 454
998 42 798
40 195 364
783 282 533
437 497 816
742 602 525
181 924 95
194 930 563
565 93 246
132 564 184
309 727 657
845 187 252
908 176 859
662 215 173
873 189 489
915 64 744
410 455 156
966 261 772
517 325 635
792 633 225
936 937 528
498 957 209
956 153 291
229 356 71
8 662 659
415 454 275
365 849 782
814 613 263
201 518 919
743 865 205
355 675 156
464 737 837
712 269 302
681 398 384
24 673 478
863 340 219
390 472 336
803 784 939
875 532 206
29 786 390
529 985 392
467 870 338
846 281 769
992 693 390
62 62 178
571 665 281
25 576 133
181 980 754
754 945 842
596 22 789
18 221 598
629 53 998
673 459 47
780 466 549
385 496 956
292 346 249
347 286 593
242 688 581
395 335 960
526 774 252
386 585 939
782 16 469
464 111 521
96 948 493
437 61 840
970 150 551
856 597 588
695 493 502
539 667 356
981 315 974
752 106 602
186 731 504
969 985 901
345 187 936
436 567 648
636 956 926
699 504 738
164 642 576
53 486 488
168 129 924
411 932 942
688 96 7
568 370 463
389 952 891
932 275 144
783 476 270
510 298 473
136 481 821
268 6 655
170 773 372
36 883 317
471 207 126
487 59 952
375 301 498
867 467 575
942 873 177
39 208 378
92 328 89
439 779 719
477 966 681
452 427 859
961 724 871
29 90 38
644 142 346
914 867 889
675 551 968
687 792 624
674 731 341
128 403 47
51 979 472
519 255 588
294 779 937
1 514 427
624 637 313
273 208 540
937 35 626
104 668 46
232 117 999
282 391 81
340 950 20
774 11 757
761 503 630
134 21 231
355 393 253
632 243 946
965 722 747
848 173 269
975 189 393
492 638 592
669 743 424
786 681 794
35 757 504
274 279 385
434 395 132
759 935 348
338 423 736
48 144 227
293 722 358
521 77 354
412 987 597
690 910 200
803 619 395
454 843 872
677 711 280
1 346 517
100 366 59
935 435 385
418 759 697
156 537 134
273 851 848
504 613 939
510 392 647
527 547 38
833 538 697
275 951 346
721 385 464
780 916 978
218 451 530
885 4 85
91 678 545
969 563 730
575 381 21
600 102 893
651 962 760
256 981 552
805 613 479
496 469 1
898 350 929
239 319 508
514 170 472
162 792 343
588 317 748
441 961 5
237 193 914
91 131 143
597 806 877
417 872 517
390 988 763
372 103 97
728 550 964
122 612 270
679 143 455
27 454 564
979 663 198
770 703 663
476 188 371
939 494 88
563 602 229
483 913 727
406 860 145
165 168 63
382 140 943
215 52 613
126 730 441
101 300 784
428 773 522
369 27 416
403 55 693
504 89 411
361 289 663
327 334 738
739 165 955
454 53 283
56 931 107
306 495 577
313 141 453
945 553 22
361 315 788
228 951 932
785 239 56
965 185 687
682 694 500
537 483 889
43 882 495
299 382 84
306 203 714
430 332 846
253 925 324
688 117 834
596 498 347
828 207 336
928 11 403
999 476 252
281 526 882
268 760 586
487 782 925
573 622 996
618 661 597
809 249 776
205 113 490
210 903 43
461 822 274
633 30 869
962 75 102
729 299 982
724 484 940
189 229 865
856 40 276
405 197 569
659 550 387
469 47 892
589 976 711
416 275 387
18 934 144
791 158 621
674 260 971
336 497 446
715 587 891
666 643 676
133 57 107
178 106 974
398 788 758
104 420 882
848 356 674
185 405 230
257 191 144
960 673 779
13 728 537
644 334 58
716 277 931
239 779 180
638 365 366
519 444 412
647 235 267
85 278 223
695 936 237
450 678 431
970 853 534
686 347 802
902 842 194
953 498 43
63 477 908
288 504 613
499 712 83
452 639 312
619 28 941
676 344 374
799 600 869
343 897 942
12 82 764
936 536 682
689 673 314
340 616 422
329 636 267
328 41 414
189 625 154
287 211 96
927 727 616
647 360 92
153 619 390
898 993 325
311 617 429
455 660 349
88 360 733
353 664 439
915 344 997
247 210 820
801 165 813
441 829 112
82 410 642
247 392 298
769 69 830
1000 601 652
528 149 204
412 622 55
818 96 466
625 486 41
819 401 523
574 639 23
453 365 237
913 157 555
749 157 163
289 767 422
49 510 363
948 779 882
756 999 79
698 753 4
109 680 247
355 852 729
725 222 835
873 217 837
443 218 94
867 280 39
717 35 355
105 498 134
244 102 122
393 657 892
13 625 753
986 118 695
974 691 705
522 794 69
259 324 342
423 587 302
665 831 444
381 72 965
288 848 179
845 198 492
116 492 252
479 47 391
173 381 258
636 631 338
512 294 208
71 438 294
715 376 301
997 666 372
634 140 194
314 495 496
545 919 715
472 140 568
60 586 818
484 965 736
971 554 433
691 472 67
196 700 557
695 878 31
111 601 224
98 166 684
550 986 455
362 815 185
964 998 422
710 534 626
935 865 612
441 96 211
725 497 101
980 394 842
304 830 444
477 788 975
66 834 282
949 405 798
253 988 647
223 109 923
893 275 602
77 233 432
177 527 423
118 575 506
522 246 506
167 888 512
142 189 612
298 436 333
893 775 954
813 245 95
187 982 260
152 942 213
219 340 788
723 511 976
120 973 1
725 547 790
121 524 546
25 820 312
695 651 639
936 90 669
528 41 589
815 819 205
414 986 911
644 2 31
552 953 394
455 650 632
393 429 524
59 906 797
972 963 846
437 283 671
36 818 777
872 895 922
965 542 395
415 940 97
208 875 147
708 531 769
645 14 273
556 713 415
740 958 119
914 957 391
706 269 424
423 546 307
114 775 424
803 555 658
492 488 485
718 566 178
367 970 899
319 520 420
10 15 354
274 538 513
283 504 514
444 623 391
550 216 337
846 765 822
869 217 652
961 569 850
978 3 493
469 511 972
915 228 849
130 200 268
868 801 412
656 976 339
610 200 364
726 363 986
720 359 694
521 459 73
111 368 703
519 358 738
876 981 261
181 763 642
643 656 917
354 778 592
976 241 733
595 850 474
229 417 957
615 504 305
544 225 925
600 657 414
702 142 338
468 715 936
916 620 246
14 771 777
195 921 280
844 630 102
145 367 278
521 981 558
812 582 156
216 731 482
683 36 524
543 636 73
183 993 7
499 952 226
608 280 84
30 47 132
70 81 62
939 350 505
563 637 16
468 956 758
30 756 368
892 987 835
564 740 922
564 53 722
842 414 528
42 877 779
205 253 325
639 59 127
298 934 790
563 533 947
857 312 445
965 944 749
488 148 690
978 338 84
496 454 87
865 738 590
237 920 310
791 443 155
752 563 803
296 92 68
839 435 959
901 315 277
5 575 143
372 442 511
803 453 591
853 946 443
705 859 629
299 736 236
524 826 574
843 361 327
219 62 704
656 445 416
452 604 680
675 749 217
357 313 34
509 912 338
146 466 295
388 64 803
13 625 44
954 369 433
937 96 173
921 560 374
652 183 39
397 826 952
772 233 560
494 570 262
81 82 282
974 458 707
670 33 513
401 677 903
315 681 660
527 538 543
578 176 980
606 165 704
228 713 638
184 897 519
682 640 95
559 193 135
940 342 186
643 132 669
933 611 517
981 407 764
258 440 405
76 80 547
283 820 145
660 769 600
83 764 787
289 226 789
452 182 380
742 537 352
275 511 931
218 178 839
999 577 912
775 839 191
269 428 769
196 490 568
453 437 353
797 358 683
742 425 582
87 469 99
205 808 496
377 354 996
938 776 821
822 500 456
716 934 706
209 726 923
852 931 14
858 914 845
937 648 874
525 975 967
871 737 669
106 226 324
861 963 901
118 617 250
112 643 128
209 730 833
886 805 790
568 396 697
724 63 75
977 740 900
264 141 793
13 873 603
615 484 68
836 263 30
884 135 434
442 883 104
919 224 683
739 326 397
145 964 858
238 13 629
976 688 858
766 344 634
134 198 162
907 653 679
289 47 987
182 885 639
436 107 223
930 765 44
745 486 244
655 830 846
730 951 691
360 219 571
334 487 210
650 351 841
40 172 332
996 347 700
445 272 311
607 449 520
392 77 987
217 321 275
333 194 415
727 356 791
269 815 830
783 730 694
997 584 500
454 530 909
708 867 165
142 860 606
510 756 725
766 880 740
587 650 674
124 125 860
318 754 809
857 289 484
714 909 641
196 895 489
822 140 547
777 903 526
471 849 426
980 860 794
144 944 16
148 255 945
767 579 789
558 262 819
137 407 648
837 169 346
62 594 714
772 764 314
981 780 139
80 912 239
139 289 408
28 227 855
476 285 278
319 702 417
442 465 803
610 959 585
541 132 76
334 379 500
551 336 295
635 64 68
217 700 402
473 285 527
555 332 85
652 970 185
733 284 886
740 696 614
671 475 140
627 693 802
12 30 915
233 5 909
642 353 29
7 699 662
935 293 122
177 711 506
830 558 947
101 209 851
228 945 934
840 159 99
897 805 642
621 897 988
109 922 979
317 697 634
745 686 638
236 402 94
571 976 889
1 853 649
542 732 421
544 231 399
278 238 268
779 932 373
3 269 333
575 36 613
91 717 341
241 506 717
5 621 86
620 758 409
162 348 299
553 52 227
948 520 697
200 200 814
714 956 986
365 757 13
12 887 857
930 311 882
131 274 375
757 947 142
36 187 751
264 508 787
146 892 999
431 203 776
162 785 430
442 804 232
827 505 236
408 705 330
291 9 68
537 671 734
656 725 307
898 778 922
487 220 802
262 825 845
780 147 366
955 695 141
496 51 83
850 181 704
11 922 705
733 444 442
767 276 788
261 206 308
211 262 285
17 669 601
518 246 320
965 357 937
938 452 28
967 509 736
686 608 95
311 825 470
859 530 891
146 517 553
802 140 635
169 881 717
297 953 493
504 628 231
336 305 86
139 876 771
49 880 422
834 379 769
248 483 768
757 130 148
123 344 841
773 607 83
63 384 833
14 570 540
81 472 557
330 605 868
895 260 38
412 320 873
199 501 413
914 389 374
507 76 330
682 896 928
819 511 541
733 542 833
838 843 62
9 935 45
979 477 7
694 674 6
733 290 229
288 690 161
377 984 667
426 134 222
613 281 710
454 364 73
417 797 170
725 125 167
125 958 729
928 831 90
182 898 187
979 632 442
637 214 640
819 65 889
63 583 165
276 203 595
832 11 653
714 479 169
860 911 506
644 359 247
304 291 339
761 591 664
593 684 45
875 755 542
971 440 499
153 661 663
13 324 520
854 797 873
885 766 721
182 890 703
591 1000 567
746 650 526
771 965 409
1000 847 97
804 276 995
295 995 638
212 600 12
964 44 407
986 473 722
885 798 540
664 419 407
643 988 387
216 923 241
523 770 802
953 586 467
729 918 100
694 49 263
756 173 984
885 281 41
953 552 902
315 365 322
198 87 797
677 49 19
514 266 697
959 814 28
48 724 313
7 538 757
827 789 783
24 547 17
720 554 12
465 370 800
391 382 473
709 710 71
121 427 997
501 134 509
805 529 57
218 185 508
333 757 198
201 363 901
530 642 545
498 995 556
563 242 996
194 65 231
876 591 205
213 57 379
789 720 902
718 82 519
525 896 949
107 22 709
645 80 87
980 201 729
544 779 612
11 178 560
412 590 767
393 966 505
477 316 457
705 482 303
624 11 203
281 872 479
328 363 351
931 692 806
187 26 492
148 126 50
482 87 158
446 725 244
80 944 45
858 303 671
872 812 953
503 494 768
625 190 56
54 242 914
648 820 554
873 761 747
437 714 658
258 934 796
659 423 566
537 223 217
279 20 41
69 846 556
995 58 871
359 614 320
310 548 974
157 98 330
142 850 484
92 781 967
966 53 437
389 895 977
233 48 546
13 665 52
363 355 810
828 600 450
171 258 599
884 175 984
934 752 815
841 704 475
85 4 12
735 893 929
635 614 588
868 956 992
909 260 308
536 522 551
841 788 311
233 963 57
272 67 177
900 518 531
641 922 86
603 253 287
39 649 579
632 392 721
137 454 506
142 689 335
853 752 832
7 479 374
87 938 725
292 145 105
839 12 188
839 95 683
732 683 828
738 971 41
927 634 993
615 706 123
21 72 758
154 368 858
318 657 814
649 474 51
360 511 899
320 309 925
262 622 89
548 877 3
30 287 319
372 742 807
515 345 406
906 710 668
408 680 720
989 979 820
627 214 262
225 319 511
262 582 427
851 534 66
897 648 931
73 663 452
701 257 482
177 764 470
150 42 382
798 528 420
366 517 408
171 235 648
74 392 12
515 635 671
787 627 80
943 808 114
323 280 210
992 639 748
168 347 354
65 995 223
179 907 621
581 705 685
297 854 187
590 924 415
955 675 593
924 291 529
773 791 695
505 265 291
929 553 883
870 586 340
428 466 211
9 361 691
429 831 872
924 70 683
225 170 854
77 419 477
372 477 919
55 556 367
905 305 550
588 731 247
300 95 555
860 907 456
312 875 19
790 941 850
639 846 174
623 999 106
809 767 921
585 29 5
627 61 47
787 644 832
156 641 363
160 966 242
785 577 812
236 793 877
454 460 853
808 687 984
726 701 222
338 416 627
864 322 78
52 59 87
49 216 174
839 550 754
736 954 805
692 811 946
219 667 362
594 355 324
597 570 202
783 41 789
451 625 968
538 865 693
226 331 421
244 428 795
198 647 661
118 557 177
488 183 964
220 880 260
352 656 733
279 116 114
1 996 868
464 642 929
217 927 572
167 587 273
371 88 755
707 573 229
894 801 466
164 637 738
401 114 803
772 567 666
689 163 851
775 837 871
64 63 364
734 716 390
89 810 564
515 282 900
406 686 670
529 511 111
532 840 277
894 689 553
566 499 982
960 855 774
532 525 133
96 905 530
716 156 527
143 460 842
500 774 150
1 914 377
686 154 969
969 473 96
966 424 507
420 634 943
884 105 627
413 927 602
604 319 277
284 576 89
386 115 190
624 546 871
129 155 475
648 880 287
32 303 950
603 685 876
777 23 258
380 618 438
296 240 307
113 538 862
957 642 22
939 145 766
525 612 550
961 751 637
56 14 365
9 897 897
232 90 78
56 200 975
67 779 939
766 250 313
245 799 194
696 329 966
755 418 516
114 179 301
598 375 790
934 795 626
990 177 609
66 830 649
157 121 58
555 160 400
371 80 462
357 590 658
118 830 363
180 344 610
781 301 117
743 213 726
627 583 505
861 604 762
96 184 12
964 438 422
656 381 810
920 508 774
713 243 88
143 206 536
538 388 816
646 178 425
854 645 544
415 398 267
460 557 785
729 937 460
507 936 237
751 779 257
888 268 717
219 133 762
945 739 332
708 741 129
307 752 949
600 48 277
894 538 553
887 3 733
580 668 305
454 129 994
895 628 706
331 816 111
667 202 397
601 824 151
738 502 5
194 900 900
974 723 270
315 661 171
163 920 418
879 149 45
359 240 619
881 322 493
19 501 5
833 778 461
516 991 248
522 814 256
314 450 841
847 194 861
172 911 268
895 763 240
333 558 929
91 601 901
882 545 668
779 199 496
689 541 711
100 476 294
130 666 238
346 881 272
984 560 147
63 416 820
692 624 601
470 318 966
696 763 850
174 673 791
289 410 746
381 88 919
216 267 706
660 225 229
227 103 154
529 133 144
812 211 288
439 982 956
861 600 471
26 94 991
240 426 324
920 408 699
628 367 174
733 130 527
283 240 536
485 881 27
889 257 208
816 112 733
437 640 601
113 277 290
267 541 309
866 632 508
365 128 546
567 828 45
814 713 631
721 383 133
948 598 171
968 320 378
269 787 89
160 488 196
197 626 604
146 903 425
132 9 734
929 518 464
151 270 737
471 687 938
937 516 564
984 227 731
775 346 230
516 58 210
680 801 604
394 496 733
110 630 461
10 762 883
376 598 673
124 545 298
967 165 143
115 891 792
431 822 961
201 34 746
281 872 115
217 860 259
73 344 974
31 959 6
64 426 691
416 43 794
458 676 984
750 83 500
448 680 522
81 721 641
530 179 732
631 810 464
955 682 474
304 634 75
409 400 477
418 531 401
162 630 580
394 216 863
420 213 314
441 162 650
561 962 598
129 365 304
251 763 202
619 489 281
848 100 102
372 484 171
628 241 877
911 538 70
162 514 430
655 928 537
664 372 319
436 59 158
319 247 528
797 583 709
835 896 530
370 96 617
336 158 133
496 873 71
19 74 28
957 366 429
730 592 978
689 30 797
987 339 86
911 692 556
246 463 81
92 702 868
446 579 509
284 215 727
456 152 575
982 161 804
347 731 673
440 562 84
655 971 61
437 58 784
543 145 674
381 568 950
473 621 494
166 403 685
238 824 102
330 991 828
419 446 605
153 511 695
329 401 589
261 92 669
387 14 577
801 430 952
177 557 472
793 612 478
383 440 644
154 644 89
98 165 677
348 460 637
826 446 771
635 45 411
332 446 702
924 236 161
864 620 742
936 541 539
464 136 164
933 890 610
176 541 565
656 905 374
885 195 301
297 726 639
10 581 572
860 52 138
936 984 779
426 219 62
726 251 264
862 444 342
98 995 609
475 293 437
652 850 81
646 999 54
874 747 48
946 974 792
745 67 205
66 74 114
562 363 777
427 362 112
239 234 958
789 692 670
494 982 339
516 770 183
957 570 68
254 598 618
735 450 19
806 871 677
978 284 437
314 830 479
553 821 980
146 122 603
342 178 583
676 963 270
106 985 86
740 535 658
338 760 802
307 380 656
149 708 553
576 787 289
509 963 878
519 357 790
414 754 439
920 879 73
117 198 132
350 336 344
824 328 230
150 922 952
716 227 852
242 394 637
805 957 387
906 605 120
249 995 854
281 147 277
26 641 841
698 637 585
903 209 642
848 922 70
1000 78 990
139 259 853
256 237 356
541 512 750
217 607 84
499 337 614
202 791 445
418 8 50
473 612 387
411 964 567
988 477 913
172 148 336
821 962 425
405 10 9
793 315 12
375 331 372
456 615 418
40 642 944
799 637 442
780 626 959
225 848 31
53 308 229
183 674 992
420 690 968
165 828 589
703 183 422
704 268 743
996 478 154
646 316 998
211 659 677
138 758 411
992 254 388
744 269 774
801 847 777
396 882 153
720 436 447
927 656 297
920 129 548
146 521 525
676 28 306
234 610 414
911 759 43
807 190 393
334 874 960
704 999 315
434 436 815
891 454 504
820 803 786
116 445 7
314 224 8
201 931 479
747 843 543
977 235 771
185 878 416
53 314 540
474 882 264
174 862 534
87 773 16
33 880 609
116 490 526
665 602 945
223 248 805
829 301 68
516 194 311
382 284 185
729 242 722
701 576 28
434 895 509
483 98 782
446 372 952
332 67 296
540 976 489
154 940 863
646 750 868
247 347 633
685 767 320
371 606 786
327 69 752
652 761 569
432 29 358
392 424 899
787 768 19
100 586 279
357 782 715
522 406 474
931 158 444
234 57 456
387 397 310
796 66 68
792 82 333
738 487 881
829 536 610
557 990 282
40 238 871
107 340 791
81 364 466
638 89 971
357 745 194
609 128 752
595 803 211
808 785 987
998 401 608
644 483 956
372 709 437
908 833 236
683 265 266
508 854 828
552 704 804
38 628 461
985 757 365
151 955 632
257 998 881
95 703 981
644 516 510
761 168 316
758 226 68
314 949 544
515 818 122
861 792 822
661 356 890
927 1000 787
208 274 854
609 576 498
943 248 190
842 47 116
851 577 357
877 556 549
497 910 443
459 619 265
622 709 724
249 474 589
374 639 912
895 524 123
751 165 496
769 992 72
263 292 717
99 457 558
491 200 754
433 251 491
334 200 215
595 181 696
648 371 266
771 692 624
522 367 235
326 997 321
798 291 365
789 642 69
341 405 907
152 907 619
623 988 162
907 192 131
195 463 172
134 741 515
252 360 99
440 280 946
633 947 280
41 602 580
71 665 786
195 443 622
389 166 152
314 820 743
533 685 73
644 675 762
940 78 915
516 769 221
642 709 42
646 659 954
243 841 209
921 65 990
707 916 556
523 729 843
794 155 966
670 329 814
956 218 163
872 471 319
145 969 493
111 7 413
407 686 27
46 862 517
22 959 211
154 908 161
7 782 146
902 294 799
71 599 102
423 397 891
571 395 242
888 480 855
308 212 585
114 604 139
51 352 292
306 585 912
1000 192 335
261 908 959
26 122 50
890 377 341
181 52 240
691 191 514
647 214 6
957 130 641
302 25 944
234 218 27
689 742 614
818 318 42
145 753 463
926 711 190
628 757 256
144 167 235
864 732 868
744 963 730
257 600 493
402 196 124
165 661 981
207 657 817
302 198 926
569 32 225
877 873 218
455 935 658
978 283 343
205 268 617
895 41 771
382 685 953
694 41 420
273 586 770
801 844 323
327 471 144
71 967 140
322 789 526
708 884 92
233 993 545
737 216 769
42 510 6
625 289 528
7 309 553
106 746 232
330 225 577
857 159 944
39 533 655
667 529 969
154 852 766
748 422 204
801 531 589
615 947 433
256 215 594
124 69 878
731 306 827
887 713 21
392 812 690
474 569 860
379 289 27
435 159 290
179 244 3
805 358 286
674 280 613
533 279 298
498 738 837
275 853 117
899 93 373
700 45 214
638 695 340
715 692 928
691 340 684
955 340 363
985 820 483
734 214 899
70 278 903
791 454 676
546 340 746
490 56 423
787 67 266
358 640 382
11 120 310
474 459 328
391 623 670
640 780 417
470 961 111
839 606 501
566 50 550
454 641 626
485 63 71
54 471 701
526 766 153
594 320 460
786 457 501
505 743 402
711 341 410
77 64 934
817 288 479
798 503 96
853 949 134
110 418 582
735 20 525
457 393 838
921 335 439
386 21 449
461 806 496
770 751 589
529 681 628
62 954 275
35 233 937
39 691 639
687 625 541
397 833 167
390 286 318
781 959 310
435 877 44
841 92 75
382 381 746
283 548 45
811 591 171
776 230 555
660 814 515
223 249 743
424 834 543
414 531 347
239 574 885
188 529 904
705 176 126
559 978 998
546 810 574
366 547 179
598 114 658
744 732 17
754 683 9
707 434 56
4 9 832
943 969 318
885 550 971
655 32 130
852 473 875
224 895 980
488 369 962
379 182 235
814 387 852
689 441 380
914 22 528
931 974 253
581 229 16
579 704 277
31 569 696
167 802 939
747 629 234
582 181 480
434 645 474
411 471 785
152 631 808
553 384 381
838 175 687
829 982 623
571 382 144
879 110 396
458 373 656
70 750 378
772 300 166
815 841 829
26 52 500
811 94 141
668 553 231
146 355 567
208 941 585
34 236 220
172 373 309
643 476 218
327 650 272
284 296 124
219 30 685
29 921 761
466 475 560
282 805 502
464 193 463
72 881 821
28 803 69
791 922 665
704 642 454
648 123 760
77 271 617
985 287 495
949 950 969
797 424 209
781 295 553
535 709 325
495 92 213
502 766 624
194 675 579
215 702 416
512 888 482
446 103 62
558 847 659
492 654 333
145 944 767
430 378 119
108 940 779
104 503 411
605 191 765
616 225 932
860 6 189
332 602 857
731 462 734
33 113 434
622 562 310
627 114 42
982 936 571
873 484 169
396 748 271
869 883 609
573 662 982
562 947 62
501 134 41
194 33 607
48 876 358
140 294 647
954 381 617
339 799 100
456 172 878
832 56 58
160 465 50
659 106 574
141 317 984
817 852 16
131 650 879
527 780 926
224 271 885
528 407 651
951 232 408
376 145 727
941 480 153
298 543 810
695 166 543
779 759 427
67 150 966
627 174 457
313 139 904
389 119 180
447 747 141
900 663 602
263 995 761
831 843 347
482 279 635
415 222 535
849 520 166
976 626 273
427 507 680
891 14 259
877 910 850
59 95 635
758 235 734
63 640 529
852 722 894
334 27 601
785 670 565
320 696 938
686 95 384
434 835 492
4 649 230
772 766 545
928 199 400
29 983 261
446 981 125
197 64 274
310 895 310
913 171 29
402 69 427
568 530 897
618 705 392
878 84 122
19 531 809
733 457 315
379 304 483
197 227 1000
427 864 935
982 258 513
427 131 825
800 787 438
674 39 290
981 166 177
336 656 111
271 127 275
47 148 170
397 968 664
799 807 112
17 903 77
800 79 761
182 535 998
675 664 447
121 402 469
6 246 389
96 549 719
91 212 583
565 816 536
847 460 477
14 135 4
680 527 722
445 956 113
417 712 686
769 923 502
607 419 725
829 637 561
85 710 514
875 240 810
849 385 178
464 964 254
226 866 969
490 147 852
614 378 29
858 399 942
927 1 549
261 283 121
980 776 917
693 105 431
965 72 302
410 240 496
205 426 90
197 398 848
649 507 684
923 244 729
521 641 182
896 204 578
636 673 886
894 585 28
501 313 729
716 336 891
282 772 121
746 495 935
112 391 397
976 200 817
845 148 198
330 94 714
930 542 13
588 668 549
577 581 449
255 898 923
881 151 521
819 877 434
687 653 647
611 508 924
201 400 947
140 695 394
690 792 218
453 717 283
530 668 450
145 261 755
353 372 389
660 953 221
119 201 993
706 752 45
740 476 571
754 537 431
428 357 650
478 784 33
754 32 667
135 544 383
975 125 284
592 432 949
746 616 429
822 153 196
189 901 196
599 788 374
243 200 26
92 829 879
213 793 423
856 795 738
902 225 196
159 702 459
218 554 544
779 693 630
756 444 749
430 316 450
462 992 708
447 993 843
285 178 475
194 788 338
221 186 689
999 326 666
909 997 517
734 946 17
935 628 904
325 399 727
854 264 500
631 478 292
52 619 287
455 680 195
582 387 639
954 286 725
144 874 729
621 44 29
88 389 520
339 261 825
630 452 753
748 119 571
986 170 590
282 621 719
105 737 357
782 73 42
114 929 17
635 986 315
166 620 313
622 70 982
21 899 101
476 248 712
806 936 975
668 378 974
52 358 752
678 441 783
932 968 906
349 493 920
113 207 670
776 834 879
356 347 888
260 975 461
444 611 949
85 420 299
329 451 615
674 553 575
350 869 677
449 573 475
641 772 224
608 969 7
845 413 671
201 835 73
422 87 660
62 171 628
596 400 322
734 940 960
571 133 704
947 742 762
608 190 169
9 211 497
625 774 424
152 181 637
53 389 507
688 753 522
589 882 244
981 464 513
462 897 174
712 757 187
272 420 358
238 401 597
939 220 294
825 584 902
718 789 638
118 158 688
966 450 298
523 291 14
295 112 22
655 703 239
201 614 178
159 789 743
115 551 601
471 209 88
919 435 383
719 909 674
963 651 751
470 310 53
613 974 162
317 482 750
781 616 169
809 865 151
171 316 261
321 502 992
584 652 785
979 802 778
45 463 911
356 249 976
784 286 677
181 431 772
874 694 619
484 887 13
744 533 3
237 761 968
492 717 92
68 416 961
574 169 776
70 402 894
383 376 964
848 99 491
666 921 147
781 657 322
598 217 51
520 407 41
22 323 141
260 70 782
452 106 325
428 185 559
756 134 610
61 825 875
419 512 265
301 892 75
206 778 383
548 778 192
749 341 589
681 527 877
648 920 831
181 294 828
945 272 249
719 417 248
619 150 865
463 478 858
38 32 840
474 159 337
462 114 543
423 1 662
373 621 808
959 134 354
179 375 957
771 229 974
965 637 243
771 598 429
650 629 871
424 905 393
86 282 394
186 417 283
53 195 942
301 614 473
265 953 539
609 954 419
958 280 315
34 394 77
997 54 464
429 991 381
982 333 219
122 127 407
382 63 735
561 177 496
575 592 759
629 778 660
741 182 23
83 705 915
95 827 95
737 693 942
663 240 410
872 188 682
796 961 28
530 631 186
740 911 934
788 514 229
407 143 610
329 592 892
79 705 304
615 554 5
422 825 98
315 24 598
68 552 422
435 827 752
346 3 929
64 130 19
793 887 530
912 469 308
978 726 973
563 859 777
256 942 648
908 854 607
980 1 445
598 65 873
311 828 692
793 728 971
864 591 482
408 861 888
199 90 837
424 224 387
231 993 263
654 636 12
568 116 208
619 957 543
264 396 643
137 22 129
997 582 401
623 244 339
245 506 371
984 927 304
426 418 659
737 343 235
523 599 492
64 209 479
501 668 837
139 45 392
56 248 625
81 946 193
129 660 792
315 936 45
415 831 72
236 618 186
328 776 545
503 173 483
415 428 193
961 174 114
859 196 433
999 485 289
389 41 344
425 800 183
367 714 952
129 678 27
861 186 572
254 734 359
566 426 324
671 200 249
537 323 455
565 758 413
817 425 623
336 728 119
227 537 75
822 579 495
845 739 601
710 719 683
430 214 594
368 798 386
581 574 335
637 156 102
297 9 914
757 432 69
692 547 533
713 617 595
328 43 255
254 632 140
562 614 207
563 901 797
440 890 975
618 534 175
887 757 657
565 218 75
807 417 889
69 358 977
261 618 161
382 731 642
298 948 167
208 858 638
351 157 167
599 130 294
287 673 209
459 306 568
872 426 379
220 347 38
884 383 232
222 711 776
116 705 377
809 133 96
438 838 206
637 198 255
676 242 611
811 261 388
156 941 358
261 561 532
962 314 126
429 875 775
415 31 232
327 316 750
400 474 224
638 154 304
277 507 783
49 100 40
183 142 167
473 560 154
809 736 715
994 706 315
671 898 618
724 631 368
890 866 508
925 128 100
324 862 906
154 394 852
495 53 945
185 321 565
864 530 245
723 786 231
192 72 229
837 755 737
888 509 225
262 850 503
773 841 835
827 175 347
122 421 579
474 955 484
933 990 334
319 45 829
446 466 878
82 383 293
179 761 233
576 832 310
179 286 669
339 79 701
474 428 576
354 531 391
62 352 735
476 604 468
317 793 239
56 201 560
246 866 450
210 347 530
872 353 103
628 264 892
531 586 102
196 564 320
740 374 430
757 775 207
299 28 551
190 854 87
220 71 673
384 157 291
599 161 169
333 523 134
116 295 827
428 616 274
826 55 975
344 791 375
177 159 967
906 361 404
821 392 482
303 986 199
808 122 842
548 228 364
927 787 373
957 117 941
503 792 313
544 138 497
152 188 221
509 82 372
1000 335 457
2 127 942
301 383 500
644 682 269
553 340 802
931 58 556
985 853 683
144 534 450
502 6 555
74 724 101
849 747 163
853 114 553
604 134 443
83 882 444
780 182 756
624 591 374
195 518 887
92 369 585
833 27 341
647 931 162
831 458 52
971 873 502
734 280 182
594 893 879
998 647 459
2 881 386
74 368 796
699 622 124
247 622 356
23 365 880
563 18 448
617 999 972
506 703 176
595 80 2
964 25 111
915 762 163
630 327 596
798 385 451
921 853 866
768 502 589
305 452 462
345 309 480
100 848 728
387 69 386
204 581 96
38 40 56
649 357 690
237 467 403
599 676 17
973 97 374
856 258 816
241 357 759
766 192 524
483 453 568
138 593 151
307 498 293
838 852 942
429 980 211
386 293 455
64 623 671
386 911 591
458 946 447
772 310 713
895 651 142
314 613 295
714 361 295
899 880 46
622 299 871
352 794 512
100 20 999
122 329 63
53 685 163
435 714 898
860 670 988
78 237 774
474 383 964
463 758 472
638 689 225
691 609 341
150 587 225
410 394 326
820 945 775
891 440 362
610 312 924
257 286 302
276 167 546
427 957 282
459 726 59
165 277 646
350 931 879
953 993 426
212 286 951
15 839 874
366 758 309
273 524 292
805 641 588
616 283 741
622 511 820
999 485 553
80 877 323
807 352 774
705 950 736
111 686 476
626 792 150
970 130 361
917 818 171
862 938 196
228 427 583
691 248 169
158 232 304
351 686 796
530 649 160
728 280 913
761 753 824
114 220 799
285 83 395
120 660 578
568 214 130
233 831 128
608 137 925
673 129 586
541 421 311
687 116 236
411 433 746
679 269 213
741 897 38
135 619 362
275 602 126
500 514 671
18 59 992
323 394 546
185 201 189
430 722 77
276 188 479
978 60 818
205 432 305
625 843 812
912 411 523
619 221 587
313 743 816
712 656 470
988 266 567
73 700 452
479 420 920
70 594 685
678 252 300
154 942 187
105 333 365
910 728 365
908 718 897
160 763 367
172 156 455
494 866 810
366 820 894
419 150 287
453 107 451
793 615 813
592 185 191
600 306 457
304 2 698
249 277 447
797 974 204
278 175 295
993 766 612
108 361 317
316 580 154
536 947 766
498 677 115
557 95 497
966 120 342
371 50 493
912 257 600
863 238 44
824 336 350
497 279 562
976 9 921
219 843 214
572 582 655
180 457 644
67 213 873
312 766 991
322 125 422
107 937 126
3 842 613
906 280 98
964 344 821
154 442 592
333 649 308
292 906 513
207 832 374
533 401 270
141 17 353
667 325 366
656 377 699
135 239 796
146 326 266
916 494 903
898 965 175
692 124 910
505 787 367
606 317 515
99 816 385
45 233 399
115 860 897
305 476 976
181 106 464
659 238 393
228 784 520
259 70 268
816 301 370
865 285 991
187 395 964
680 237 343
872 473 752
498 809 733
532 109 331
149 263 511
983 549 136
110 352 476
69 767 936
916 281 688
754 421 245
335 328 140
592 698 989
476 910 332
74 336 534
33 293 778
775 621 104
656 975 407
322 882 559
55 910 748
806 420 304
74 410 152
452 197 201
921 40 527
44 845 284
13 635 421
172 162 12
436 363 553
645 703 292
848 170 632
117 498 470
878 794 53
789 952 81
43 262 374
488 945 667
799 309 234
945 562 144
474 946 960
384 996 252
237 167 782
458 444 302
111 449 528
531 16 218
606 721 97
740 370 270
624 85 242
400 345 68
126 368 727
55 190 307
1 814 523
950 20 253
62 972 490
399 355 857
690 563 958
188 681 307
273 470 469
946 40 978
161 719 103
824 965 461
71 209 753
330 196 501
416 207 929
576 118 227
995 812 127
566 96 999
868 278 911
457 103 400
544 757 777
28 485 862
172 791 600
593 684 42
348 116 324
48 97 328
817 814 219
676 778 865
337 443 443
783 629 697
424 615 869
219 399 696
956 802 734
244 742 427
962 958 650
121 80 401
122 85 728
441 137 641
872 912 997
962 899 656
381 105 38
876 923 754
338 958 863
132 47 370
484 90 15
761 595 832
591 574 222
202 774 899
173 154 211
236 710 860
604 331 316
233 6 518
108 646 844
315 860 178
230 943 884
414 372 181
35 608 585
570 358 73
152 208 655
383 669 864
244 24 578
528 924 487
78 618 615
845 233 921
17 569 479
596 593 675
609 268 137
145 188 1
808 635 487
987 173 835
580 460 833
918 425 381
646 908 597
533 471 794
98 126 858
116 39 579
203 30 232
780 271 141
599 132 778
676 892 802
852 276 375
875 403 610
971 690 412
672 783 523
224 863 80
700 195 248
787 450 715
87 659 739
300 137 305
459 666 20
825 874 819
555 559 334
702 310 889
404 304 564
382 470 416
625 294 476
270 746 714
378 158 629
947 459 548
751 941 854
183 415 223
522 148 529
439 269 515
261 821 202
670 723 939
151 282 708
940 746 430
808 697 44
910 102 537
801 594 536
771 154 72
591 433 217
125 356 694
790 433 445
903 690 198
116 671 228
977 28 895
640 308 957
923 562 669
812 576 769
79 118 891
913 282 188
232 748 121
899 672 736
768 576 66
620 239 168
60 589 355
155 94 395
668 649 994
860 260 638
332 568 676
110 508 55
296 463 459
555 130 79
57 694 940
771 221 917
414 522 205
523 597 9
229 420 601
593 709 725
157 794 265
282 240 782
785 770 244
596 252 958
371 737 488
460 566 592
982 940 410
244 991 420
4 866 937
59 611 874
138 810 250
813 954 614
122 679 477
263 247 327
993 481 798
85 654 686
841 328 243
121 774 472
633 639 46
728 886 516
372 920 656
635 964 205
65 905 578
999 415 608
267 178 378
653 618 218
466 475 179
847 105 584
924 733 643
207 752 414
570 751 559
988 747 28
244 869 915
991 525 419
526 122 447
138 498 76
308 936 650
295 75 925
223 972 360
344 97 659
852 581 160
768 820 989
146 701 569
852 184 547
257 174 47
318 647 85
379 747 979
688 323 412
713 413 287
590 599 463
112 891 705
944 697 446
22 169 638
393 861 540
929 975 249
691 851 448
726 693 657
630 988 19
193 737 178
447 929 858
487 147 510
731 42 595
418 699 847
658 903 900
250 446 989
862 859 911
272 944 344
49 398 42
990 546 539
600 698 819
699 658 993
400 67 224
31 100 136
911 634 982
875 685 800
21 476 557
512 989 4
748 577 754
743 139 336
77 195 563
901 795 98
890 266 603
207 577 81
728 190 512
281 333 398
496 255 350
20 713 762
158 979 429
410 537 861
537 202 64
247 962 471
429 593 35
194 698 418
857 235 717
244 220 558
325 814 663
77 548 386
671 376 270
876 157 388
915 661 603
772 106 709
358 312 60
605 878 350
392 534 691
444 851 53
440 106 565
824 689 973
815 83 772
42 179 327
24 234 865
268 534 296
342 322 140
112 148 290
718 301 41
355 358 257
603 566 406
346 133 667
493 33 909
794 554 958
469 130 906
721 340 858
872 260 944
542 838 715
694 444 929
229 271 548
729 306 167
168 67 167
905 578 23
290 623 926
846 981 685
734 131 511
476 451 138
192 170 685
906 44 513
359 50 911
906 98 502
757 473 774
58 264 365
556 984 44
469 980 123
754 392 861
251 727 387
793 50 854
87 460 695
264 775 56
334 490 10
11 232 133
584 966 169
869 789 619
719 214 701
390 761 530
368 122 486
522 266 543
730 204 169
897 737 777
156 61 129
339 960 305
908 805 254
527 180 564
483 647 702
593 864 74
714 962 787
179 870 479
142 60 686
127 770 454
496 465 719
567 841 276
955 454 276
307 378 362
292 739 535
85 800 353
333 338 336
131 264 489
765 967 527
595 914 244
583 496 38
306 256 660
159 244 419
813 591 211
386 425 147
68 328 663
202 418 232
163 660 124
937 164 255
531 299 205
493 605 694
802 227 398
811 573 764
95 526 787
270 444 386
565 560 187
185 730 468
424 626 330
928 824 242
809 116 373
522 457 27
884 486 932
710 691 36
607 802 640
305 208 97
706 128 257
527 935 290
322 502 27
584 697 54
634 328 998
359 717 729
651 538 106
15 367 924
670 268 151
52 141 111
666 371 647
590 972 246
773 28 820
709 493 250
973 751 85
130 659 901
710 645 38
473 3 98
550 239 872
336 29 563
134 329 979
983 339 853
626 373 681
399 418 84
750 444 524
661 377 389
358 289 607
411 630 55
530 831 594
256 918 187
950 359 843
759 480 243
507 8 507
689 822 870
284 931 507
541 49 815
470 369 614
707 601 443
504 239 303
73 595 326
190 576 592
92 546 301
870 443 802
174 862 251
713 917 653
682 307 25
145 799 399
242 804 95
666 701 870
22 31 728
26 500 561
958 329 370
543 184 33
463 556 784
336 327 538
774 951 544
12 253 956
427 257 80
48 794 268
710 502 854
940 371 653
907 815 154
971 684 11
784 187 902
158 874 764
426 923 901
356 775 424
150 43 309
99 901 494
218 901 88
690 352 818
590 287 190
513 793 135
519 318 390
314 106 184
853 68 350
295 281 631
665 988 692
127 533 214
764 749 838
723 865 67
599 596 961
807 876 873
77 396 29
259 901 918
764 207 468
948 806 597
980 441 749
975 795 158
770 824 670
385 648 126
159 362 187
867 766 478
480 377 85
237 932 318
132 944 975
245 40 206
40 198 561
810 136 461
96 299 703
148 632 361
85 254 913
533 765 759
171 833 443
317 331 393
757 992 826
172 798 794
451 808 821
878 15 829
765 163 562
957 814 487
918 94 73
726 419 309
711 328 657
96 303 93
984 99 636
858 719 186
387 363 841
861 95 643
46 766 485
386 807 693
775 894 30
470 187 639
930 472 316
221 778 234
130 536 500
352 118 534
887 140 685
525 97 464
271 541 55
188 656 209
265 903 875
478 246 527
904 540 430
436 230 958
782 392 306
551 457 85
922 271 10
567 50 760
415 693 47
954 780 312
843 148 319
91 31 417
913 211 315
452 349 773
772 734 230
718 154 860
875 827 288
270 762 747
877 478 763
776 800 433
151 347 305
102 745 223
307 108 434
943 332 345
535 212 137
223 457 451
312 422 212
770 544 143
713 157 690
621 455 457
2 356 427
381 532 11
643 47 203
670 824 424
548 698 916
963 52 760
297 64 800
443 971 808
489 90 435
146 919 191
427 5 248
955 697 447
719 206 375
835 741 738
472 337 386
169 6 144
890 88 220
156 519 39
938 491 978
40 680 294
785 551 86
578 34 492
999 765 588
268 240 209
85 886 186
613 768 29
891 161 914
527 704 207
206 142 656
717 551 782
963 374 500
951 671 453
771 97 161
136 741 493
104 134 365
636 78 580
679 876 141
256 173 356
639 365 297
270 910 923
936 79 488
324 285 132
275 206 105
86 852 93
681 981 402
405 807 56
920 516 212
281 592 336
715 867 117
837 862 37
388 897 782
199 111 56
220 121 39
720 60 22
738 899 61
403 159 272
24 510 447
679 448 330
554 257 290
416 327 105
991 870 841
933 239 614
673 595 167
615 505 665
14 283 977
210 469 514
341 53 348
216 855 115
927 586 686
360 48 980
184 879 888
825 29 953
631 292 312
930 170 655
423 399 178
692 321 828
927 103 530
259 113 137
171 452 936
599 463 171
863 604 242
576 437 948
423 515 449
539 244 707
522 443 29
186 285 210
476 106 3
869 636 513
354 285 131
305 657 778
612 870 22
410 919 617
415 137 319
412 839 324
437 816 544
784 338 758
845 587 620
884 762 997
4 512 393
559 380 513
273 81 406
628 263 959
74 527 138
195 572 482
705 81 491
778 144 905
965 365 53
46 392 405
443 767 435
913 922 161
546 715 661
825 734 890
25 405 475
524 693 976
905 191 707
5 993 88
907 769 372
824 105 493
334 738 886
568 216 527
467 117 900
22 588 742
787 556 232
65 435 17
316 858 176
895 371 512
128 660 161
916 155 622
952 469 266
305 81 23
553 995 205
393 33 916
628 526 122
509 501 918
336 263 336
728 880 957
742 908 320
211 575 837
641 931 298
274 942 58
56 440 470
357 685 605
897 247 438
982 197 228
696 816 512
971 744 313
901 145 61
448 799 193
263 199 643
238 987 493
687 246 290
716 459 508
217 585 425
870 875 590
409 189 517
12 724 910
520 741 409
682 233 648
706 648 623
552 710 140
776 209 71
424 688 200
354 470 793
237 258 679
537 88 300
885 638 242
222 256 945
790 70 850
520 171 336
85 26 318
68 942 117
45 975 463
656 269 945
318 567 542
39 123 519
20 223 385
288 210 192
818 48 125
267 892 612
534 58 293
983 426 541
727 789 683
246 628 350
329 139 624
368 471 352
483 283 249
981 115 141
545 518 819
726 215 205
225 907 189
519 24 326
795 69 596
157 351 636
679 340 546
494 171 595
817 529 975
931 369 364
666 995 556
332 783 630
41 256 652
381 841 914
108 622 470
733 453 35
939 170 126
426 226 712
743 956 605
97 352 2
350 413 67
745 570 568
36 929 369
849 904 190
340 455 370
40 63 369
360 104 903
209 302 188
408 172 814
610 796 841
658 922 297
223 192 769
244 285 736
964 660 429
912 98 311
161 148 417
27 786 713
753 468 992
41 819 21
424 203 161
974 998 185
600 991 515
728 745 834
359 944 680
549 813 276
934 451 861
674 319 29
167 404 9
878 591 50
75 964 918
737 785 148
286 327 949
519 92 831
911 373 846
744 585 113
355 988 410
603 175 759
739 731 932
279 698 924
139 690 937
224 448 451
884 188 856
165 953 34
857 400 328
460 872 303
501 773 531
333 897 157
911 950 662
845 643 587
633 323 533
332 282 303
202 413 613
130 264 443
71 403 527
53 264 576
957 718 169
274 895 330
262 261 564
174 514 56
732 340 311
602 54 191
939 302 659
169 360 127
754 801 306
724 730 442
233 832 73
209 69 494
757 683 197
438 415 839
603 394 323
119 32 194
761 851 426
194 949 621
76 520 329
196 665 22
247 987 177
11 901 176
836 424 315
875 559 519
2 13 932
51 278 645
731 857 137
686 842 762
980 533 735
830 739 12
989 973 43
345 989 320
174 767 269
478 191 864
193 421 303
891 39 825
503 29 228
792 602 41
10 231 440
307 781 257
274 56 253
226 388 891
269 358 8
691 890 92
13 118 194
916 41 692
8 241 822
511 215 593
109 286 262
273 775 666
198 306 791
137 289 78
987 561 622
941 133 375
807 304 852
675 558 458
185 596 679
738 133 257
52 41 312
838 886 981
318 705 471
390 516 651
127 711 52
914 359 536
893 470 246
675 301 637
668 826 5
930 181 455
77 507 164
524 574 90
710 503 702
884 279 613
796 798 995
774 830 145
431 306 17
599 920 223
583 609 140
773 481 249
930 96 54
708 408 362
10 169 143
826 375 154
297 426 14
157 744 59
697 55 947
248 297 523
90 107 433
932 533 773
963 479 96
102 258 560
51 359 530
554 390 89
51 727 907
933 296 241
707 425 845
370 989 642
825 852 420
732 740 536
616 341 300
267 628 467
605 193 42
753 598 940
673 763 626
883 622 195
973 53 65
374 686 389
607 931 549
194 589 557
421 1000 590
969 980 567
709 65 480
73 412 296
672 54 704
570 412 874
871 508 72
283 16 753
680 919 2
929 911 819
902 23 416
579 336 650
101 196 96
567 909 449
683 358 126
359 216 855
299 203 714
178 595 475
300 113 252
884 568 246
887 292 483
864 763 745
608 27 923
473 419 310
331 150 731
303 608 226
548 383 41
202 201 935
235 425 277
873 387 976
213 297 890
243 605 899
827 625 431
284 211 771
239 20 699
751 765 381
667 966 934
589 821 997
700 634 858
531 215 571
810 40 83
304 461 792
650 190 718
715 353 58
535 579 121
132 477 947
259 821 30
1 265 735
371 406 257
78 118 107
265 530 581
464 384 754
535 937 853
294 401 195
246 451 573
429 618 44
109 305 371
110 652 858
303 619 8
543 716 290
772 458 221
23 777 169
719 698 840
320 200 349
395 456 475
626 421 825
161 594 558
111 393 122
834 230 685
245 583 910
934 500 571
716 732 37
661 735 798
160 942 438
705 761 748
835 326 386
113 956 180
156 314 990
846 779 755
907 995 976
681 808 521
711 976 763
583 587 835
862 885 859
78 777 838
603 798 868
490 546 761
983 619 762
303 86 223
617 170 806
882 609 810
231 106 668
631 594 242
795 563 611
99 308 624
375 28 486
502 751 812
420 249 571
290 3 81
236 643 836
91 311 374
208 809 877
486 113 867
496 525 644
295 880 426
293 621 539
545 315 333
426 673 136
107 25 435
421 616 899
536 538 786
740 683 687
818 505 104
194 800 916
880 502 749
257 57 420
926 653 916
79 406 421
19 185 398
215 549 693
817 495 943
708 106 923
710 626 405
559 279 255
163 596 493
234 326 863
891 893 668
872 102 207
477 516 880
603 249 703
28 660 886
807 170 650
104 124 350
801 201 161
177 477 247
765 720 551
388 288 850
270 845 233
505 333 144
498 489 916
968 313 869
177 752 516
704 990 158
984 65 572
603 108 715
986 677 99
639 436 4
592 111 200
881 20 388
338 710 906
601 847 603
397 597 533
148 703 272
572 683 737
838 782 164
116 385 473
657 218 784
625 865 125
406 58 478
977 841 661
394 370 729
931 124 883
656 289 607
144 377 40
620 886 842
332 613 906
98 283 209
202 300 943
434 36 223
340 356 973
198 473 355
623 305 735
61 93 468
199 405 526
797 515 438
252 383 812
897 889 999
323 663 924
464 446 463
531 764 869
6 917 571
795 175 187
432 811 932
948 159 745
846 897 415
358 85 963
341 217 742
417 128 360
434 483 375
813 802 785
558 351 637
264 563 618
510 747 882
858 925 867
195 500 806
398 18 180
740 236 693
219 748 610
564 823 54
527 591 540
390 86 174
180 145 680
243 587 963
419 830 548
225 39 838
898 80 538
718 963 285
907 926 446
981 27 625
453 826 544
312 16 114
750 729 652
575 84 257
913 169 225
198 204 671
103 583 904
514 519 484
480 276 524
284 992 610
769 187 853
676 110 730
878 861 794
101 728 350
375 626 480
355 570 688
182 322 728
62 33 21
832 301 698
826 504 603
829 892 109
783 909 416
705 433 312
960 835 154
750 735 377
797 680 365
537 615 270
903 275 371
410 132 789
343 319 785
546 698 732
224 187 92
254 552 696
682 801 732
445 510 603
147 503 906
911 551 941
88 93 576
203 458 656
5 15 838
72 995 873
328 759 467
764 462 877
860 922 981
222 686 163
293 990 226
803 946 780
670 376 338
231 68 234
732 518 411
71 329 394
972 536 464
970 385 596
191 98 767
704 604 718
860 899 593
864 607 797
544 386 923
503 712 137
934 985 769
478 191 28
384 839 585
842 938 213
949 802 797
821 998 606
322 878 432
634 168 190
27 459 386
175 659 316
690 500 534
167 974 476
61 648 113
806 229 17
599 497 331
931 626 17
941 858 646
268 296 619
404 334 695
144 650 349
330 605 833
92 453 421
963 591 118
95 708 624
541 265 662
132 133 683
190 720 616
89 101 247
775 670 160
338 777 544
985 412 472
668 854 829
159 654 436
603 855 761
116 234 467
526 654 131
818 835 154
996 637 465
770 846 62
339 499 401
345 587 555
423 184 808
774 382 100
745 678 106
64 616 729
449 2 768
712 158 304
605 601 677
882 263 162
894 579 377
211 688 222
276 187 665
134 907 484
618 954 492
761 221 527
758 697 216
637 29 691
989 129 245
693 904 72
30 671 966
696 603 381
257 170 640
860 290 767
899 172 711
607 706 966
740 61 248
583 8 772
669 666 584
934 904 571
706 941 55
687 120 612
610 548 361
472 36 675
162 914 711
243 531 510
232 577 35
128 464 489
250 170 946
899 926 234
705 168 466
510 718 456
134 581 563
69 27 213
798 731 213
182 373 625
93 76 421
642 572 114
790 712 798
880 860 157
171 267 885
14 913 748
502 190 6
883 234 311
680 850 53
458 301 862
267 504 601
743 737 819
247 722 844
921 199 212
970 65 280
413 673 72
828 379 326
573 143 891
974 941 542
816 78 724
685 560 960
498 243 550
86 31 917
716 42 583
506 59 871
391 636 98
675 915 341
479 134 541
155 782 999
512 779 255
59 390 850
972 800 690
986 585 97
951 833 301
180 472 691
491 607 832
144 263 760
854 567 888
197 265 335
512 973 645
489 565 269
409 365 910
469 683 571
110 111 800
381 406 558
468 374 70
68 278 819
18 480 529
366 77 373
250 241 286
398 677 476
237 184 682
490 894 893
235 180 466
833 354 610
261 411 591
579 129 42
460 786 197
609 501 156
543 826 465
962 612 136
19 120 410
546 951 850
80 171 428
437 602 39
606 280 499
405 802 929
67 911 404
239 575 272
539 7 95
596 955 548
338 528 843
847 76 478
860 890 36
755 69 102
901 743 912
561 615 369
763 853 535
365 545 469
443 248 877
179 310 443
93 92 15
212 834 852
59 120 613
759 515 999
581 148 394
877 978 272
871 63 107
197 239 727
903 79 219
48 82 728
104 639 118
843 513 842
796 108 726
391 158 145
474 357 768
231 706 7
792 177 658
252 848 572
524 225 1000
259 554 892
94 921 118
188 610 164
42 403 339
849 472 914
781 282 530
495 440 506
348 472 922
628 962 619
651 672 939
546 824 412
832 983 151
990 56 604
856 452 91
858 690 243
341 467 526
669 637 610
599 593 161
840 591 461
429 923 752
224 450 679
13 894 133
227 170 518
419 807 17
463 83 494
640 1000 293
927 606 689
761 469 531
952 700 389
156 791 931
581 186 999
341 788 896
470 286 549
980 815 36
631 879 326
95 990 844
985 157 63
302 529 168
465 603 648
680 267 561
360 330 694
710 635 53
716 636 127
730 204 180
910 6 820
821 993 632
460 45 827
31 279 26
495 99 632
742 302 372
720 783 602
957 353 579
716 93 22
301 512 905
229 913 537
678 610 857
564 118 729
101 748 648
46 364 204
598 816 238
62 243 758
417 892 102
278 522 57
468 850 327
387 727 3
630 46 32
52 238 209
313 803 397
668 67 871
920 130 261
350 760 673
421 611 443
659 365 848
620 36 159
511 730 525
670 575 397
245 374 862
247 262 959
769 540 161
157 261 487
318 740 188
523 92 134
344 910 568
621 509 934
626 197 719
441 893 34
810 999 844
328 463 975
426 213 872
514 620 995
16 747 626
804 23 799
551 469 166
474 621 189
10 3 33
743 663 115
534 399 372
226 55 417
270 413 80
263 776 509
90 656 432
121 296 566
69 134 812
796 830 581
403 197 307
121 129 38
479 766 648
258 158 531
270 154 290
978 467 793
426 287 704
79 298 563
221 747 231
311 609 655
373 810 768
420 719 595
265 599 560
515 99 368
184 261 148
534 324 977
232 236 760
123 488 44
413 471 604
834 453 986
289 628 796
686 186 872
963 450 82
815 516 221
951 291 497
79 5 304
540 169 1
317 511 198
134 845 996
233 222 911
159 80 275
582 511 378
428 274 33
822 916 992
666 503 135
174 288 320
382 560 969
687 11 126
460 466 436
745 393 98
320 752 450
821 233 975
104 168 576
241 358 356
881 57 471
887 12 806
808 340 866
793 557 76
585 507 127
188 785 100
610 56 580
766 417 391
141 803 897
84 470 763
980 509 501
129 297 867
751 717 491
686 157 674
703 51 781
160 699 523
817 856 187
447 907 785
828 415 207
679 931 313
230 237 29
3 172 344
874 140 878
298 143 215
615 565 95
834 264 441
452 729 582
877 888 176
924 668 109
140 694 637
427 965 467
328 887 719
908 720 764
841 244 240
73 737 283
202 649 727
115 530 934
150 942 956
447 127 992
547 625 231
739 433 503
668 982 627
806 187 954
249 964 713
826 365 809
344 479 56
628 976 380
304 714 535
777 120 769
999 204 471
383 28 822
425 382 72
731 886 287
72 587 841
913 187 753
215 180 57
157 961 972
925 150 312
333 588 370
495 617 197
138 855 734
538 297 979
27 386 304
388 157 635
649 224 868
361 31 880
924 415 864
846 389 426
176 590 952
383 311 985
801 114 832
726 431 438
888 377 707
55 592 62
923 728 613
870 269 561
74 384 169
408 374 908
757 326 435
702 876 588
107 460 994
244 499 742
640 20 346
103 388 498
231 770 970
559 152 102
628 180 965
368 593 491
226 745 109
528 119 621
630 154 567
49 838 833
673 157 321
313 993 814
149 335 419
50 732 336
407 591 172
480 378 636
673 10 116
280 669 31
101 632 67
838 65 405
221 212 436
217 650 706
228 480 20
69 718 781
187 410 467
646 692 711
654 268 117
963 165 699
895 818 361
15 770 384
210 797 102
968 354 165
185 10 724
816 464 892
866 897 569
196 837 568
790 921 686
563 687 119
530 221 353
534 638 946
493 676 847
198 533 446
450 863 35
595 110 917
10 91 119
518 433 852
350 890 534
433 600 457
557 545 699
14 581 67
190 232 591
5 201 309
266 196 242
277 576 404
128 695 938
57 552 979
241 377 131
399 594 438
245 552 437
238 929 149
614 129 140
330 488 211
241 888 636
149 199 882
277 252 342
468 887 497
448 324 233
83 483 823
83 270 302
820 953 823
634 573 68
384 757 642
791 491 306
190 618 223
710 142 54
523 424 11
822 81 87
739 477 832
70 992 129
990 224 310
445 346 89
573 331 142
232 176 224
773 244 184
72 936 671
911 326 808
545 998 963
433 516 852
413 239 26
500 241 277
554 643 522
953 466 197
433 747 205
118 143 960
760 520 103
857 593 352
729 694 652
455 817 143
150 881 491
496 358 674
924 633 148
865 775 582
894 391 746
641 1 412
283 432 306
273 755 775
570 825 771
917 353 793
19 480 62
622 123 957
692 673 426
578 360 374
232 281 687
40 595 854
446 775 109
61 909 579
996 498 606
112 905 186
973 165 291
323 932 106
258 985 844
90 414 203
973 583 792
732 15 136
474 18 227
345 291 76
401 288 879
306 17 616
224 675 265
497 20 147
604 270 417
805 841 340
279 854 694
302 378 151
929 606 577
412 946 39
844 689 482
458 56 897
419 353 181
682 479 327
462 727 143
381 424 862
757 742 257
805 452 751
742 662 803
560 604 212
407 486 557
799 968 329
366 615 594
153 474 206
351 749 586
757 772 557
23 512 432
138 532 547
912 858 384
550 802 762
395 742 844
659 409 88
142 622 655
148 456 549
916 121 832
340 102 888
991 399 994
676 716 8
572 971 156
642 587 390
946 606 970
970 557 545
693 454 962
968 72 983
86 208 549
63 529 91
623 860 661
663 732 551
910 657 536
383 893 535
611 399 183
497 964 928
987 794 848
423 1 766
804 75 99
944 354 759
269 264 150
525 782 951
84 112 85
608 836 656
930 613 870
161 752 346
376 53 689
517 565 292
539 527 738
40 76 403
388 696 864
108 611 965
943 826 344
467 594 693
526 355 972
699 958 162
68 486 691
495 147 418
939 759 2
752 828 93
971 341 233
709 234 824
63 796 364
679 665 980
587 415 797
183 251 664
459 898 10
601 409 944
466 981 929
102 614 48
237 623 550
872 976 594
143 311 664
673 578 598
947 769 270
793 783 492
127 687 491
370 221 70
888 377 372
95 926 756
3 591 19
427 28 56
199 620 802
663 263 5
286 731 855
639 992 790
589 430 104
367 418 42
6 62 382
990 214 848
500 537 69
838 159 905
564 333 963
74 919 4
417 795 252
747 565 426
613 901 354
653 698 206
149 272 289
42 982 869
279 138 512
803 25 869
481 843 106
472 21 736
718 361 270
530 714 795
512 772 581
607 591 197
389 835 230
444 554 101
518 731 903
963 729 41
711 54 975
516 226 827
733 399 766
391 75 332
337 891 896
192 120 179
964 475 579
221 568 380
43 529 971
691 481 489
185 460 459
766 897 618
879 894 441
523 898 620
287 561 140
951 891 312
346 842 950
846 668 33
758 96 547
761 974 14
820 100 854
520 35 255
79 494 306
804 538 630
971 331 385
736 183 208
778 292 573
865 370 670
740 792 540
899 332 388
391 829 332
672 716 328
737 971 628
260 544 560
707 76 439
70 479 999
603 595 176
995 632 719
749 289 851
145 402 242
192 306 864
289 205 465
401 822 76
311 131 19
522 332 373
219 6 13
425 207 728
147 501 369
146 870 183
915 437 362
513 835 646
727 341 351
719 156 466
71 204 742
614 843 891
115 979 953
207 365 32
987 118 799
382 208 134
885 858 80
43 162 118
283 169 865
672 953 974
393 719 541
520 343 898
646 425 86
275 350 611
269 432 396
675 532 2
702 691 727
332 8 670
107 520 331
978 993 546
994 327 522
857 769 470
861 534 516
360 131 807
58 694 445
514 800 739
290 595 584
359 524 94
251 7 726
495 528 787
417 571 159
366 665 534
909 393 163
672 143 46
684 231 887
688 136 8
256 854 764
345 833 694
417 149 18
594 945 768
603 444 279
714 656 740
384 915 812
180 389 700
369 311 994
269 262 381
214 68 245
252 647 492
563 539 507
822 81 229
957 428 303
454 599 528
756 256 418
624 945 602
30 293 487
375 802 69
906 788 736
643 489 293
635 713 281
158 921 35
861 799 219
615 592 124
947 567 252
184 763 382
934 752 915
475 483 428
946 737 180
941 272 199
907 289 863
243 68 830
169 551 445
440 342 116
241 913 933
582 689 813
881 844 474
370 980 255
577 417 150
841 252 603
376 144 683
594 855 448
814 869 704
569 865 409
908 53 417
612 634 446
919 311 152
171 303 278
661 27 814
518 136 403
360 839 959
176 439 444
449 507 860
956 571 486
521 923 173
831 482 438
95 563 172
106 881 439
452 683 488
338 713 957
743 146 563
971 966 922
2 910 885
668 881 892
724 827 675
8 780 428
399 959 335
820 427 689
226 777 772
56 90 696
114 340 691
280 750 840
622 100 945
699 927 463
139 291 779
486 652 634
712 219 981
621 735 3
296 626 525
65 757 872
930 916 1000
60 656 621
761 924 97
937 536 545
882 823 686
623 445 144
756 910 428
608 829 221
90 409 831
451 508 34
698 120 403
383 100 988
408 526 996
508 143 492
583 126 974
998 837 267
220 710 965
810 729 898
942 235 713
127 497 367
833 777 543
457 447 509
250 332 609
163 25 315
712 328 396
864 425 530
259 209 916
313 664 487
573 221 846
557 386 444
425 207 4
626 144 849
612 823 498
805 517 892
717 330 826
668 621 460
308 204 636
420 692 679
781 958 354
381 500 699
792 242 452
650 178 552
417 728 85
851 217 528
226 330 71
251 874 307
947 457 202
872 773 577
805 778 491
580 371 774
657 564 949
491 29 96
601 256 47
413 796 198
250 203 114
380 923 231
865 745 397
269 294 485
841 477 817
830 397 723
837 706 453
598 143 324
704 945 173
137 526 224
939 350 86
839 869 282
777 181 109
176 585 413
947 829 628
841 997 510
864 214 636
863 82 347
286 990 93
456 75 199
918 364 352
314 220 186
183 199 696
625 940 776
658 500 620
423 117 7
302 382 306
961 502 557
532 261 689
206 135 771
561 974 275
642 689 723
20 927 959
796 602 446
210 637 630
392 600 855
102 341 276
890 777 724
132 147 790
163 52 636
299 592 509
647 787 318
974 808 587
163 205 855
308 201 588
689 392 139
404 417 957
666 310 991
930 998 937
483 563 806
870 249 364
811 403 13
535 287 349
968 961 497
348 371 844
312 685 416
729 713 121
862 760 378
326 994 92
409 828 256
270 212 519
45 414 375
628 140 898
751 336 196
486 144 575
336 853 75
706 358 732
135 396 544
56 596 701
99 528 602
580 31 420
225 915 568
676 232 605
2 334 374
811 847 481
8 24 224
799 992 12
878 656 33
880 893 152
948 955 48
25 686 173
523 519 288
905 399 277
648 602 883
899 232 939
970 375 908
872 180 655
910 615 630
37 555 459
645 916 41
928 334 726
393 469 938
578 849 958
118 981 732
392 741 794
167 526 105
509 82 452
146 420 747
271 835 265
568 977 991
712 109 386
540 43 630
556 72 781
162 204 109
678 36 162
924 230 9
924 801 216
911 765 369
62 291 5
3 436 571
131 604 40
878 690 415
892 483 685
88 870 964
868 910 64
280 56 243
723 679 171
684 94 313
819 184 799
669 388 472
456 452 837
233 887 892
91 416 403
557 589 601
718 562 227
559 780 594
244 444 393
472 823 673
651 989 285
683 967 619
277 298 321
122 231 989
339 333 372
569 326 396
502 562 45
368 450 862
362 23 329
814 937 110
504 225 363
943 94 308
122 107 582
124 710 556
726 773 12
977 74 657
193 302 306
887 525 247
573 101 71
174 599 205
735 347 891
992 119 311
990 754 128
224 550 233
179 119 81
17 805 98
8 195 566
326 337 180
70 566 890
949 539 408
412 956 657
12 379 181
948 247 532
671 362 9
527 783 755
881 245 849
16 364 933
800 937 330
386 994 189
371 268 680
311 122 958
549 650 927
115 362 484
910 810 614
473 718 360
390 184 627
105 982 590
276 490 64
30 907 174
548 677 689
519 646 495
186 405 361
446 110 686
290 369 291
864 406 1000
417 126 604
193 613 373
79 343 396
59 358 124
630 809 155
891 369 416
382 292 102
35 572 989
121 473 581
173 52 30
513 422 24
95 532 505
998 824 92
621 237 845
215 887 626
730 84 821
172 189 232
92 767 91
14 187 553
163 303 109
848 840 84
124 488 74
773 439 576
959 224 410
32 635 775
22 341 772
123 962 772
104 240 101
269 331 744
167 261 734
308 657 31
700 126 616
339 473 835
394 198 145
898 643 72
91 798 936
874 100 929
21 764 300
339 109 953
494 223 775
287 233 979
644 575 887
874 81 623
235 359 449
315 446 161
75 251 548
778 334 907
319 891 914
696 393 575
383 941 881
547 293 40
907 335 764
899 572 69
775 356 64
626 413 93
137 82 902
503 116 284
654 421 407
232 546 256
96 115 211
194 671 440
252 451 414
877 326 1000
617 283 163
285 802 85
934 180 48
910 839 790
843 520 663
38 159 476
735 720 567
782 377 442
985 275 638
347 438 582
852 671 681
466 410 384
87 796 127
54 535 860
100 207 859
642 479 98
225 230 478
577 757 596
110 332 695
373 577 551
617 24 853
229 904 384
38 541 436
138 132 804
805 733 753
773 875 600
918 163 940
334 235 170
388 720 723
485 59 908
86 958 903
164 314 213
643 839 565
971 808 778
481 684 959
244 386 926
837 490 620
459 246 127
804 340 339
306 581 797
621 416 869
55 976 376
233 759 986
960 844 389
644 386 500
883 233 65
374 84 108
231 951 116
205 585 244
237 702 981
404 668 18
852 739 693
750 449 21
557 832 118
394 913 505
506 97 893
393 218 33
740 308 871
40 389 746
816 694 68
904 492 456
265 742 704
24 520 230
994 235 513
318 665 472
880 876 984
169 472 973
459 223 264
891 271 935
75 874 580
225 448 71
636 223 10
875 824 757
65 745 707
209 320 43
247 100 473
952 151 600
461 347 2
720 547 726
963 877 333
265 239 436
389 122 967
647 507 114
450 139 84
660 214 4
757 586 622
574 502 900
136 764 790
59 748 451
840 22 865
998 853 427
360 314 728
470 374 389
181 154 981
173 976 875
869 126 495
272 639 283
848 238 598
117 178 912
566 20 606
890 662 226
250 4 837
781 66 405
98 525 934
119 47 393
342 596 930
861 88 420
301 818 741
157 342 91
442 19 49
784 692 871
38 533 343
210 108 948
162 645 944
680 590 67
704 656 553
404 928 953
25 494 799
968 453 587
221 833 738
325 551 729
645 524 935
423 575 57
738 437 678
361 733 300
326 313 282
131 530 609
527 614 424
778 995 600
43 708 853
337 440 431
352 759 151
725 633 945
351 413 318
77 536 270
2 621 777
7 937 771
401 659 275
275 876 146
969 945 834
439 233 806
471 250 771
860 102 745
739 840 145
878 408 686
262 733 627
114 144 647
859 37 476
85 325 959
941 781 962
518 407 782
385 595 163
698 115 555
290 536 718
251 401 511
646 671 547
54 492 351
912 113 392
603 582 499
3 114 295
404 323 585
140 184 815
955 690 70
291 122 701
531 380 351
419 736 810
206 878 589
946 928 179
460 778 418
356 682 315
703 745 223
253 91 942
552 494 549
611 629 445
910 368 296
314 495 45
592 937 152
609 190 413
579 504 94
900 138 39
646 966 171
754 35 806
811 941 484
354 621 721
642 466 316
501 784 143
862 692 748
798 176 396
974 11 496
319 524 310
853 637 734
417 102 290
870 127 715
181 707 72
957 404 437
950 342 388
228 725 980
306 433 601
359 39 344
514 897 445
619 481 167
312 87 53
963 305 321
166 510 54
542 237 790
864 119 705
630 488 679
747 955 510
360 224 196
363 375 510
556 333 562
190 214 892
833 27 332
21 856 868
803 104 476
94 324 351
310 676 655
897 152 349
374 125 750
577 10 118
146 871 692
404 354 873
639 632 829
677 503 967
720 798 314
334 239 449
761 512 773
788 353 703
922 545 206
772 222 94
122 758 912
803 971 307
808 889 673
807 541 836
659 797 852
564 555 403
965 868 714
78 724 125
612 178 894
115 975 738
783 225 522
437 661 729
823 425 941
241 65 446
934 725 635
975 569 427
471 691 891
23 501 340
936 471 923
260 789 418
537 36 769
462 88 163
257 401 425
724 643 587
389 154 446
31 606 560
708 786 469
684 548 466
234 624 525
940 240 98
453 599 470
209 955 689
16 494 16
19 503 981
744 574 722
221 359 660
575 88 983
255 931 300
289 442 700
206 282 765
965 925 141
228 436 398
947 375 773
435 340 507
884 774 231
7 283 310
696 898 476
205 880 250
434 151 310
310 316 941
265 586 815
857 111 804
979 202 676
196 376 119
635 826 685
475 866 988
128 86 885
378 842 419
273 773 657
252 561 203
417 284 947
581 792 1000
224 891 4
892 969 517
479 488 289
938 668 621
488 578 970
327 532 980
824 169 316
918 359 775
684 45 474
461 273 825
653 505 961
423 395 911
503 575 994
552 58 886
475 696 79
36 991 395
637 879 932
77 650 108
359 565 610
675 356 838
465 798 17
972 230 734
561 516 142
26 167 25
814 333 68
388 433 710
228 197 949
376 180 476
912 178 783
254 574 713
91 606 673
873 567 767
981 851 38
729 182 763
651 528 974
365 710 596
939 394 580
948 508 994
777 189 574
923 161 353
419 907 781
222 154 601
707 620 18
285 441 226
212 769 983
518 81 692
885 857 53
458 49 142
67 957 876
695 721 87
298 116 282
720 261 134
470 765 40
473 152 228
227 900 345
538 261 13
857 496 352
801 191 995
729 819 526
858 243 54
922 596 596
784 673 697
334 919 298
131 526 777
758 596 847
473 899 103
895 345 664
776 347 821
907 389 646
566 644 800
434 382 726
498 772 258
471 143 17
626 784 572
37 806 744
925 673 702
930 757 179
630 135 942
179 682 759
636 358 56
652 757 414
276 409 398
687 834 955
823 249 153
358 409 841
297 979 358
281 117 898
311 902 459
977 198 882
550 583 119
183 411 116
878 613 121
947 436 6
760 383 683
975 540 135
657 574 386
839 952 410
380 574 888
779 948 262
367 829 900
443 713 973
321 466 686
517 333 67
453 26 580
284 47 502
346 645 242
986 722 18
314 967 991
480 470 310
778 272 971
773 981 247
380 946 765
849 350 832
137 710 923
224 654 960
963 845 565
935 897 214
475 78 443
513 338 615
875 912 558
301 112 234
104 467 467
393 565 188
794 344 43
513 341 703
782 568 932
864 180 758
831 390 709
532 112 604
844 145 760
13 241 998
100 832 671
950 617 364
134 510 969
218 896 630
927 478 110
201 99 655
306 587 476
275 382 429
294 106 373
350 111 881
468 781 589
463 689 60
559 885 211
792 945 170
177 102 426
898 449 515
192 141 538
82 927 253
607 935 196
393 707 314
276 971 258
663 760 302
101 80 1000
662 638 755
150 752 809
371 239 379
619 310 31
794 373 926
13 56 229
537 109 212
620 988 329
691 990 936
627 867 952
527 397 772
686 391 346
38 109 579
741 661 58
256 723 356
411 431 135
575 907 202
1 283 137
900 434 745
28 797 103
581 801 22
104 90 758
677 46 242
944 188 821
897 717 557
509 400 697
353 601 141
726 266 38
650 542 230
829 983 345
145 4 926
315 547 628
575 475 902
982 230 39
901 841 395
644 664 477
521 561 88
387 119 994
919 279 846
771 892 869
212 786 692
702 36 815
876 971 1000
935 365 792
381 565 386
515 678 856
71 618 972
683 16 926
110 407 796
365 434 100
542 354 300
747 422 502
946 346 570
756 257 357
650 237 577
938 34 939
520 565 218
996 252 391
637 647 390
968 898 818
227 403 582
717 350 657
579 489 3
243 84 270
538 813 248
702 89 148
518 838 677
740 88 147
737 55 804
608 803 761
575 752 563
808 110 720
766 354 45
26 946 816
638 532 610
370 38 699
488 663 2
810 99 957
242 766 902
103 664 792
887 887 207
567 100 125
63 600 912
850 738 24
241 437 903
705 446 979
186 443 170
802 229 127
422 844 320
475 20 802
591 819 208
450 768 210
375 392 877
65 151 931
207 682 111
911 261 368
435 680 248
286 34 576
917 275 958
504 81 983
91 398 897
777 11 806
7 332 460
634 954 189
982 836 24
379 864 617
892 103 572
336 594 716
973 23 54
252 748 15
22 913 322
928 695 862
276 671 209
86 404 578
1 901 806
34 301 153
796 626 756
784 6 578
992 893 1000
922 835 887
516 811 235
177 217 687
533 582 855
184 979 447
720 740 305
691 630 17
644 554 739
581 931 888
668 557 320
696 223 762
80 857 15
332 226 130
746 686 923
396 292 350
193 48 191
839 93 456
575 145 996
400 398 360
877 242 156
18 981 282
942 659 394
550 905 842
217 263 323
625 906 11
15 122 159
156 122 545
596 595 883
287 602 571
693 157 221
615 595 187
883 85 832
585 463 962
42 247 579
607 100 991
854 299 867
596 209 954
258 405 69
773 91 191
407 493 528
444 857 162
833 430 872
899 106 374
730 191 337
949 842 591
632 903 700
2 685 912
94 777 587
653 429 350
70 764 1
574 106 139
888 689 311
211 869 629
679 475 20
195 728 427
178 534 816
578 454 578
315 92 966
21 711 576
273 724 778
389 803 946
985 398 231
958 892 737
307 572 74
963 57 679
476 358 280
986 974 166
535 565 491
756 384 276
784 588 298
6 741 477
294 109 982
682 775 205
9 414 548
554 802 309
610 906 66
588 546 258
613 346 745
715 185 950
905 193 259
630 338 733
785 18 384
488 455 212
531 743 280
161 583 620
24 991 715
750 817 56
800 157 119
268 459 836
474 950 985
585 652 616
192 830 420
277 297 548
92 950 593
329 823 714
252 88 488
324 366 849
57 533 562
2 499 853
27 864 289
799 337 132
678 236 823
205 7 911
353 908 464
367 185 716
227 882 721
592 887 507
208 169 505
703 999 417
945 670 312
60 567 664
477 207 246
472 882 515
633 257 520
738 38 315
205 152 781
764 243 646
370 188 33
294 767 887
863 243 826
94 431 869
563 439 787
266 957 753
991 508 360
162 237 110
978 530 144
596 593 887
422 191 359
937 216 975
443 55 578
770 656 290
727 117 419
605 85 75
974 939 561
892 342 385
134 801 131
195 970 763
65 877 707
44 849 251
82 897 365
270 848 353
913 696 294
286 508 677
666 541 85
831 95 410
625 780 953
318 806 848
693 51 290
563 931 852
109 890 514
486 960 204
812 682 276
264 734 724
664 355 480
248 582 663
480 682 23
184 865 46
1 364 59
694 870 636
606 547 951
666 610 199
960 890 893
805 565 359
930 842 111
345 30 299
667 601 415
466 838 574
252 800 318
215 706 757
372 167 476
428 106 162
220 777 360
828 518 875
540 611 978
296 528 582
985 514 224
536 421 771
697 37 135
54 508 562
264 167 706
184 995 428
270 498 310
293 303 773
608 988 227
303 816 585
449 514 259
684 374 872
131 574 390
345 13 211
493 915 997
894 23 769
67 551 859
191 837 696
464 288 625
720 391 464
621 560 4
715 483 806
470 996 292
259 346 278
16 372 593
366 778 385
683 503 13
939 555 910
835 17 469
266 39 660
950 1000 755
325 849 226
407 838 494
27 648 212
751 784 358
613 904 958
475 963 995
245 785 414
27 236 477
763 463 546
445 349 198
1000 676 246
411 48 700
582 455 228
681 552 166
410 719 439
766 921 319
403 342 239
476 472 149
432 714 903
315 750 381
856 911 234
829 30 915
819 813 449
488 403 152
969 829 446
997 530 104
248 460 198
204 424 291
936 898 688
853 598 700
64 303 404
724 456 229
806 56 65
144 667 103
889 795 696
591 343 266
690 797 870
848 504 434
39 880 529
570 919 654
754 201 29
751 972 105
803 687 217
600 450 205
139 440 244
927 96 417
59 345 334
626 304 422
449 683 568
506 719 287
328 837 659
238 508 648
52 38 264
294 814 546
218 646 556
126 338 696
400 622 839
343 50 931
64 174 195
759 845 280
839 602 179
151 474 348
231 550 677
418 10 417
67 320 470
19 489 257
829 242 224
989 969 729
735 443 329
240 60 283
601 594 870
955 590 242
433 507 408
955 827 46
691 258 345
166 649 441
912 766 397
383 564 332
347 122 191
978 71 341
713 527 671
110 865 665
734 519 834
388 159 510
448 543 316
276 920 596
969 432 403
771 595 974
166 463 575
671 676 12
448 160 74
87 784 789
270 921 393
166 912 430
320 411 312
630 645 888
577 634 518
748 315 422
550 815 868
411 46 558
465 855 445
804 835 963
314 678 442
177 498 769
324 331 291
145 723 970
135 219 364
331 198 135
309 847 108
662 614 773
269 851 249
284 252 269
601 826 72
662 418 670
176 371 734
281 959 212
25 61 536
695 440 900
416 619 273
767 986 118
573 476 774
570 297 70
52 121 395
516 196 246
936 884 808
843 221 74
656 201 880
321 294 402
720 838 419
74 269 473
180 490 494
440 991 246
954 726 840
971 78 586
852 792 205
869 172 65
247 782 764
16 460 2
734 917 150
626 379 620
884 627 591
271 666 503
408 211 812
833 438 676
300 176 971
704 711 823
777 85 468
828 673 417
283 47 431
569 815 467
443 246 631
699 163 428
213 921 22
811 661 291
20 57 256
149 213 68
480 430 727
461 313 768
357 724 818
133 376 577
366 441 217
473 472 750
267 712 693
96 751 787
884 588 650
604 196 278
279 412 646
236 942 37
767 574 763
558 664 95
409 491 160
512 827 688
315 383 777
205 649 386
271 775 945
683 679 412
404 936 593
151 508 240
704 795 815
425 684 858
523 58 458
922 920 528
810 552 390
209 353 74
950 643 798
443 401 488
610 352 385
781 120 851
658 941 480
542 244 629
392 526 321
126 70 160
834 92 68
823 53 464
863 555 942
938 336 264
58 972 997
319 484 877
933 880 425
532 107 320
988 354 23
618 923 687
519 904 103
341 225 812
243 715 206
5 840 711
522 562 499
560 988 663
2 667 75
358 286 686
4 363 387
816 144 785
678 883 604
601 241 372
989 313 68
824 570 131
382 84 628
899 46 934
218 68 668
519 470 969
185 885 521
943 795 820
315 712 919
476 860 983
657 529 132
202 994 774
274 968 429
250 523 977
351 244 424
914 517 987
484 755 399
615 530 347
87 92 765
780 334 349
800 134 717
208 868 433
692 562 268
161 515 645
370 803 222
345 684 505
831 608 707
924 371 77
262 74 418
740 462 798
274 251 592
535 216 855
828 744 466
14 765 653
129 831 961
943 412 763
417 690 160
416 218 881
514 756 478
187 943 454
611 710 524
256 678 608
787 923 412
192 861 624
803 158 765
844 853 684
169 56 155
73 978 145
967 998 825
298 252 589
831 805 917
391 761 690
881 398 74
7 431 629
560 182 987
874 883 654
185 575 406
241 438 436
633 860 633
696 77 647
56 987 101
567 426 531
802 437 815
317 706 655
801 647 350
52 380 488
947 666 27
751 277 418
322 331 371
352 676 451
376 576 502
1 186 516
420 298 492
549 637 267
494 674 234
238 147 297
765 109 453
267 216 593
809 425 341
15 275 946
426 805 588
321 59 812
916 30 69
262 850 123
71 29 757
748 686 281
830 243 904
653 577 439
720 494 412
669 959 646
224 891 362
385 346 72
444 125 422
252 639 511
905 898 251
685 937 888
689 567 471
303 630 608
399 791 155
817 60 796
511 733 708
516 764 767
135 822 350
892 206 225
184 710 431
776 297 502
917 295 255
743 910 268
249 78 371
548 926 696
150 387 7
338 639 625
160 395 439
670 983 115
606 359 76
139 783 363
489 979 623
534 558 652
176 292 298
488 158 646
682 89 690
993 109 958
115 13 934
963 48 401
500 15 526
811 807 621
818 687 475
751 748 611
521 952 712
175 810 398
360 880 658
707 126 928
571 360 364
708 504 829
996 979 507
388 468 547
247 251 705
497 499 454
200 460 132
340 627 880
12 479 227
42 792 286
650 586 332
781 487 800
572 167 240
39 595 292
455 646 956
989 402 23
728 670 536
614 667 692
865 171 940
539 931 399
777 127 873
775 705 153
564 290 447
984 806 905
629 143 253
245 152 789
911 676 251
736 441 868
577 72 593
408 932 690
873 123 344
855 137 757
704 280 316
181 21 536
813 393 963
365 973 458
565 240 171
917 987 414
684 214 625
811 943 713
916 147 999
587 562 246
687 684 34
226 169 78
755 152 912
895 874 56
562 184 541
393 100 659
956 885 571
797 155 574
551 35 227
198 962 351
248 975 963
717 44 761
284 970 239
280 531 628
16 746 318
749 126 382
37 475 982
399 150 547
892 788 431
547 562 464
730 383 829
555 548 554
317 636 505
211 507 330
521 22 796
360 563 945
738 324 712
900 433 966
839 452 540
812 557 692
265 650 350
823 871 617
629 657 517
926 343 351
412 19 850
84 263 686
819 636 607
923 957 709
508 860 30
885 785 73
684 609 358
276 998 917
623 217 388
603 924 277
84 930 776
625 718 299
839 750 169
414 41 322
160 422 911
662 114 763
946 526 238
721 147 832
990 519 124
831 289 216
130 438 289
773 372 9
717 288 105
229 496 573
126 542 556
361 894 988
976 590 477
830 39 407
126 16 40
154 641 451
295 233 633
371 849 456
658 811 528
554 313 511
124 454 622
906 239 518
903 182 740
311 988 634
226 301 588
500 827 537
629 92 895
712 477 777
330 801 84
908 478 65
748 594 240
774 746 273
990 66 731
302 247 664
389 87 43
323 586 674
789 512 130
460 927 62
140 416 746
529 186 159
838 520 109
631 263 211
33 667 683
414 142 867
709 642 158
751 154 12
556 540 394
450 170 794
70 893 6
741 568 191
508 86 149
641 55 396
177 451 494
332 831 155
177 228 316
552 784 588
552 586 976
126 35 460
680 761 986
405 30 86
638 873 65
277 768 858
544 452 345
967 393 246
706 700 51
437 425 337
309 633 913
643 337 714
307 754 417
205 703 800
529 277 408
704 439 546
66 390 562
34 944 532
423 711 658
335 101 296
170 724 64
592 164 509
442 729 577
840 679 602
846 135 796
683 280 489
968 38 749
164 954 430
30 288 285
377 746 565
732 95 196
228 649 531
406 283 239
175 422 707
893 458 586
579 287 616
871 158 339
734 676 881
760 341 399
780 913 209
900 447 525
384 576 969
968 771 784
453 303 412
407 20 31
584 864 464
979 426 521
357 269 19
490 283 497
214 416 277
467 246 72
668 177 886
504 339 631
237 91 693
982 493 98
59 854 643
866 134 858
979 231 108
980 317 446
887 784 40
51 864 10
505 974 595
123 701 192
125 583 981
360 150 714
207 508 296
416 665 49
836 445 740
653 916 915
261 972 168
81 903 531
623 837 459
909 849 158
632 482 144
111 160 284
980 112 35
634 705 878
395 67 941
955 544 72
457 903 740
866 895 867
98 912 772
659 59 75
247 637 646
155 239 157
507 319 381
358 825 541
902 305 294
824 31 657
309 656 869
678 601 103
39 32 720
466 715 959
371 860 784
427 290 505
656 881 583
890 28 833
518 520 579
193 874 614
661 953 719
713 356 959
609 472 539
545 276 378
784 346 491
876 192 304
463 40 133
706 711 132
966 91 994
519 395 489
955 250 110
14 34 564
860 951 272
979 948 232
473 323 252
54 835 105
512 409 506
968 537 841
556 193 977
15 143 350
510 853 66
1000 719 91
237 121 732
945 959 873
222 905 587
399 257 602
194 341 261
623 923 45
412 576 122
690 862 165
308 892 75
136 882 605
585 348 13
483 374 573
148 219 866
348 272 903
48 246 523
507 140 615
268 606 370
91 205 728
259 850 960
182 473 100
106 121 253
822 806 395
217 827 296
961 30 576
138 476 722
712 119 124
949 220 808
404 86 730
205 235 435
914 360 119
375 601 911
838 925 321
16 469 389
989 951 374
913 497 829
884 408 5
582 478 94
54 659 15
411 598 111
800 607 819
669 288 231
590 767 261
57 832 767
839 76 627
139 709 27
341 536 506
6 22 660
386 710 600
922 289 690
713 735 341
387 231 10
338 734 317
737 111 647
21 57 513
92 421 971
322 878 460
670 436 622
342 674 212
730 604 692
402 787 272
944 21 107
139 890 931
383 616 579
375 575 775
532 826 12
257 157 754
739 410 251
537 334 508
179 548 777
293 152 46
670 1 471
264 695 43
669 127 486
431 756 159
261 72 597
430 25 828
631 559 907
671 168 354
908 343 324
692 336 130
130 604 598
999 405 336
912 125 57
616 548 24
975 984 413
593 554 71
868 418 17
888 106 720
682 524 814
586 22 617
84 179 675
749 649 90
720 35 909
82 763 696
573 922 851
437 833 561
283 307 909
589 703 140
279 75 598
398 604 818
813 544 993
404 711 403
792 133 485
697 822 607
893 477 671
611 541 821
981 825 980
580 752 246
658 43 965
551 610 135
419 857 238
339 600 453
153 827 245
649 101 439
694 168 721
630 52 41
233 249 494
448 677 708
275 285 389
844 709 939
796 150 552
160 964 716
17 483 588
145 743 539
673 601 469
829 23 241
488 431 768
726 694 570
654 209 495
842 823 420
112 473 767
445 187 688
23 597 649
553 500 979
555 695 577
754 747 358
973 710 984
684 355 753
152 406 916
916 532 410
947 487 916
953 497 630
206 693 997
313 897 222
575 541 385
185 287 324
401 587 315
126 385 435
291 263 283
942 180 220
488 881 666
33 476 295
38 369 138
390 962 322
348 743 697
802 343 721
676 804 891
249 377 290
436 374 388
979 349 452
271 965 558
517 204 225
903 542 312
995 459 917
914 512 900
336 426 899
121 863 507
968 897 686
467 834 219
853 592 71
957 885 853
575 922 640
859 477 622
289 976 382
312 222 761
401 601 320
915 735 51
501 358 331
606 238 399
945 271 905
981 435 752
225 117 588
179 85 378
485 266 521
832 894 691
448 191 15
272 146 434
537 69 601
261 892 449
46 782 867
835 433 579
299 206 949
13 673 598
893 520 90
770 56 350
216 190 522
676 91 94
500 922 100
763 776 201
13 339 365
821 888 354
330 950 249
955 840 856
60 495 791
636 920 793
887 482 228
937 566 533
24 767 548
981 298 674
229 849 914
922 183 913
15 40 151
21 950 329
968 762 235
249 738 460
500 764 493
101 581 488
21 343 568
934 2 494
119 406 182
71 982 32
597 148 818
624 143 554
121 701 697
900 42 309
780 677 94
312 738 939
887 215 499
986 583 524
544 528 732
232 512 425
293 560 897
783 85 718
146 165 490
862 992 929
815 185 845
326 430 237
366 927 738
698 467 606
610 987 95
64 615 823
105 668 904
785 821 557
937 466 321
429 110 488
613 852 368
823 875 257
151 776 512
72 275 606
386 776 717
978 548 823
679 182 181
770 312 828
346 50 584
467 606 490
732 946 349
923 103 569
753 307 794
894 683 754
823 155 208
561 51 909
443 959 96
172 610 696
193 797 915
935 768 186
44 627 106
316 155 968
119 546 686
11 179 938
618 543 233
461 539 373
4 281 730
791 297 634
564 28 807
94 668 882
739 381 573
93 298 97
36 778 43
157 185 316
932 90 319
607 561 11
209 750 781
574 402 869
21 761 746
329 568 266
677 868 877
871 359 927
783 630 722
237 237 844
60 185 505
71 712 446
818 548 991
796 129 135
293 127 112
412 883 702
672 772 640
250 993 307
458 911 243
223 636 962
190 188 565
347 823 828
735 401 644
872 668 996
662 342 348
606 766 964
32 439 538
702 793 693
504 143 50
776 752 159
583 991 208
353 819 586
70 593 576
658 972 78
567 423 748
363 682 631
896 533 787
704 984 345
989 374 550
163 661 286
723 10 684
540 625 973
343 285 74
388 413 841
8 3 46
202 148 934
705 486 237
354 949 669
591 860 272
577 163 377
411 52 414
666 522 635
586 758 57
28 317 506
922 174 980
961 450 253
41 327 887
68 600 739
978 151 887
21 497 834
588 513 179
901 105 892
719 901 347
550 332 925
661 641 317
721 103 931
583 132 660
380 557 101
798 36 466
870 243 234
745 259 209
619 501 471
159 670 400
368 501 699
271 283 822
655 927 6
871 377 988
783 350 341
837 648 5
413 678 433
996 344 857
620 401 605
296 237 433
682 513 515
662 575 28
925 527 892
78 781 850
23 545 36
139 458 595
395 313 204
673 849 909
635 768 441
239 304 272
961 980 908
384 615 731
770 439 54
822 428 424
680 419 792
399 313 9
223 167 144
388 157 331
252 328 742
978 516 98
1000 489 268
275 732 700
506 746 328
703 536 410
581 378 557
92 102 378
730 690 900
474 59 431
658 874 278
551 522 541
76 4 141
261 896 307
884 434 95
138 314 231
570 101 359
363 987 829
442 587 557
971 734 632
340 766 485
766 931 333
230 668 765
197 158 318
461 587 372
741 950 28
920 945 188
824 201 784
823 214 170
611 280 268
183 888 830
571 264 290
958 249 68
578 898 738
640 791 8
117 189 161
339 808 95
202 601 785
856 949 369
374 540 856
883 192 795
191 511 853
917 814 439
766 931 351
198 688 449
149 738 210
949 993 117
13 400 418
566 134 835
527 105 626
485 280 128
770 150 726
615 954 580
279 437 274
762 804 179
585 544 841
390 283 521
677 860 256
594 214 533
773 471 998
732 553 225
88 946 862
349 974 714
624 447 609
147 736 896
475 28 555
614 881 620
475 924 340
769 92 668
806 551 658
972 893 108
893 961 793
222 37 507
2 944 919
712 32 127
247 203 716
359 758 210
88 70 610
391 421 914
384 630 202
198 553 593
588 387 288
952 269 462
600 803 252
567 768 908
19 113 362
790 186 542
697 481 255
241 734 675
377 200 905
433 185 160
886 818 62
796 203 448
189 212 783
98 634 130
361 234 594
726 870 833
699 217 740
972 8 189
802 641 278
512 597 91
950 177 821
234 293 770
138 323 461
783 477 970
278 860 101
997 154 495
984 994 959
868 932 842
98 38 955
399 843 122
380 897 472
548 319 733
516 25 738
920 148 484
279 327 791
66 639 37
60 137 891
45 127 296
391 755 173
158 301 671
636 375 537
990 216 736
514 928 14
886 713 248
517 650 324
341 982 388
17 283 24
933 882 899
9 370 895
277 931 710
571 830 667
407 596 297
257 926 37
309 810 513
991 82 753
827 752 559
925 330 960
18 977 483
947 211 983
495 531 746
378 965 554
472 755 970
477 159 219
230 169 255
813 423 708
176 518 710
305 840 688
542 413 553
127 754 952
964 551 539
33 352 530
373 96 26
413 375 39
247 39 232
554 929 872
200 929 786
933 66 818
920 682 818
579 279 169
932 199 752
354 704 87
637 188 837
495 601 603
619 788 195
919 416 715
612 56 835
863 732 130
241 128 185
953 380 205
18 594 840
265 421 817
855 273 818
865 7 502
535 234 643
407 149 234
82 92 779
874 203 576
112 524 55
476 380 172
195 130 351
938 159 48
954 5 989
876 788 984
698 816 49
562 751 873
140 87 923
197 294 54
178 632 421
550 123 426
890 461 517
487 841 790
972 622 334
34 494 393
530 954 740
776 816 956
890 236 724
901 203 692
709 357 45
359 719 381
423 580 947
74 674 442
310 446 321
351 103 711
915 940 645
596 162 210
100 452 187
510 85 843
280 1000 459
103 211 195
336 280 663
286 895 793
522 439 7
204 258 65
83 430 337
265 652 854
892 57 529
830 577 882
222 790 719
407 869 206
19 221 968
970 993 334
130 689 490
933 398 517
645 929 781
440 179 473
751 320 876
436 670 685
315 21 517
585 328 632
887 581 956
319 575 330
508 159 190
841 172 283
479 945 702
72 867 258
501 632 369
711 493 536
513 383 196
328 959 456
57 650 241
237 216 283
62 663 842
95 598 594
787 709 812
194 917 882
585 917 14
865 825 491
269 313 134
457 526 338
664 341 975
750 880 682
584 16 398
942 748 103
405 137 418
205 431 617
333 738 878
858 3 562
289 663 70
567 410 655
22 336 401
836 960 188
664 752 700
378 768 529
189 36 407
383 903 609
209 350 648
186 330 867
315 101 591
750 875 389
343 625 366
505 981 641
412 640 222
572 955 112
206 341 141
894 454 170
157 126 825
740 202 395
958 944 271
106 480 806
17 818 100
310 882 94
822 158 219
723 262 104
698 907 224
493 766 63
657 856 127
447 614 756
360 687 778
985 725 114
711 330 812
259 263 318
429 69 291
219 490 817
435 620 593
696 485 49
859 843 260
438 227 793
953 177 174
766 522 477
71 516 485
909 502 128
908 28 341
844 864 274
860 813 239
703 654 344
95 325 122
947 634 324
792 42 81
540 150 752
803 315 147
807 975 648
201 142 872
979 15 732
111 188 1000
181 771 889
336 631 793
202 450 672
54 22 439
891 674 565
333 366 862
731 861 92
31 955 618
250 440 95
265 967 820
700 823 277
988 567 908
912 419 836
262 838 637
923 74 634
52 97 836
590 239 221
265 965 475
660 808 713
300 905 593
548 200 888
421 765 871
294 783 856
403 935 167
259 214 715
935 156 266
290 539 52
302 903 226
744 203 455
85 275 327
757 266 21
84 909 748
728 475 648
693 77 420
43 624 99
48 514 941
997 907 768
484 688 576
918 318 406
685 633 492
77 831 990
172 920 295
261 581 122
818 598 373
596 991 12
428 17 296
332 284 664
999 86 93
159 601 721
220 669 351
147 802 984
67 118 136
726 16 36
485 495 800
120 689 666
286 345 30
953 580 652
781 438 478
482 832 948
538 483 569
300 639 594
405 582 930
899 879 134
529 498 851
485 277 584
282 240 626
327 840 827
191 200 178
155 655 981
73 976 632
246 180 853
78 862 581
104 231 815
693 232 146
774 728 954
297 760 599
862 807 829
939 236 162
799 361 191
132 462 492
453 672 375
854 80 538
796 263 853
912 864 375
846 556 49
600 170 51
584 882 737
324 965 209
79 249 510
833 362 704
681 551 741
475 574 467
692 576 94
896 578 159
804 270 876
914 874 584
426 388 483
541 902 965
382 497 490
590 492 380
154 165 626
