128
420 862 98
451 373 76
117 184 398
625 813 167
943 683 607
941 698 258
469 38 406
603 625 686
636 493 727
212 8 892
372 636 523
540 470 892
107 181 183
884 872 232
203 664 477
344 353 452
469 169 139
305 149 533
362 812 900
482 900 189
548 142 363
18 77 860
65 950 657
584 547 227
967 899 10
443 21 899
101 110 800
504 463 602
706 428 856
938 382 300
378 183 204
683 409 878
251 833 406
919 692 331
244 857 208
37 405 800
890 608 986
397 814 284
218 824 555
128 994 418
286 652 715
188 411 187
911 267 33
529 281 418
110 837 295
786 349 351
465 691 12
892 555 749
965 316 148
200 443 198
904 305 149
896 976 807
556 457 406
108 118 175
133 954 862
972 994 404
245 590 293
110 294 166
632 982 980
821 679 962
756 472 57
962 873 832
351 814 884
544 1000 148
697 79 595
972 548 905
100 82 196
273 727 333
70 135 210
431 339 769
81 494 235
923 556 330
654 497 498
586 596 992
979 73 422
521 171 488
607 743 840
888 290 174
667 126 170
631 859 338
419 678 703
739 211 748
762 498 680
799 433 150
92 151 517
873 11 216
600 785 538
69 440 91
320 790 177
758 864 950
737 862 307
507 776 95
213 115 791
313 318 72
763 374 310
45 115 647
554 531 380
196 51 659
257 660 328
165 333 542
87 339 740
381 297 841
224 634 18
908 652 833
775 300 841
818 653 73
587 831 157
75 656 785
71 652 895
597 170 635
640 631 147
322 431 773
797 235 631
506 328 288
2 537 343
132 583 704
510 983 869
254 115 208
599 954 581
824 602 285
694 87 433
843 419 832
144 856 3
90 251 678
319 665 343
804 722 46
884 507 867
609 890 435
