2505
21 493 307
149 601 53
984 501 222
833 224 533
898 856 382
73 480 553
942 607 994
283 537 58
229 935 935
507 551 120
544 127 223
702 714 441
960 403 943
557 208 519
237 581 256
389 206 882
205 627 156
967 678 971
472 809 924
671 386 883
116 406 524
524 907 149
221 157 832
939 761 225
329 103 18
1000 173 606
205 601 898
93 579 756
339 748 389
855 898 746
562 815 267
774 723 943
379 623 440
928 193 687
483 644 428
998 777 183
398 337 641
285 744 662
558 749 329
770 582 417
218 604 176
29 222 365
278 849 889
371 366 776
281 130 90
930 422 556
386 33 185
38 448 788
69 397 627
368 774 590
285 802 922
53 183 6
650 782 406
834 641 430
929 148 21
308 378 698
241 45 487
832 810 941
667 457 702
978 122 466
654 679 880
840 760 488
530 182 951
977 101 908
369 313 127
299 996 998
414 208 811
396 89 101
554 705 701
129 484 491
638 586 459
731 100 109
295 886 698
280 417 286
250 408 725
366 631 288
904 113 63
904 887 715
871 948 681
381 752 426
784 867 812
22 255 147
2 978 173
458 869 298
498 464 436
451 219 943
904 86 544
360 64 571
123 718 869
790 230 184
295 749 122
871 623 724
10 811 985
513 95 185
516 602 532
210 111 609
907 435 58
313 644 746
587 561 219
648 316 876
944 285 885
762 15 138
68 544 595
675 414 18
699 65 644
173 965 183
997 902 842
963 869 311
101 768 699
732 302 338
242 254 125
611 183 490
767 54 384
41 12 367
368 560 964
799 715 598
432 231 954
595 217 610
254 144 32
98 992 265
138 405 532
975 208 590
904 583 167
318 947 839
585 434 939
566 587 302
115 642 623
600 699 236
132 160 298
533 701 676
810 553 395
385 544 977
977 291 314
463 820 643
807 200 544
411 217 970
28 262 374
782 567 113
383 122 24
244 476 159
211 463 847
897 194 952
450 884 337
899 832 73
165 122 677
960 503 904
501 352 79
227 629 210
881 577 554
88 326 112
335 16 185
96 705 810
104 407 599
778 570 787
244 395 924
737 26 685
365 18 893
306 44 855
882 968 235
377 781 660
822 229 339
487 564 801
514 985 963
702 359 919
23 374 911
57 221 125
137 944 775
252 723 576
433 939 750
359 210 966
193 849 283
459 308 557
36 644 209
303 434 94
140 310 430
830 929 419
17 920 313
731 30 120
304 393 948
447 537 221
807 364 623
379 556 411
942 453 522
655 615 224
728 252 64
885 131 920
671 394 712
766 459 949
196 962 739
620 17 300
702 295 739
610 488 372
310 114 237
688 286 809
479 1 284
365 292 100
468 895 163
345 30 511
483 80 668
505 905 709
11 538 791
58 601 809
872 985 307
996 765 823
36 265 803
668 655 160
313 259 180
763 952 179
974 642 977
689 561 670
330 470 198
785 927 608
957 760 191
232 997 767
72 863 567
313 656 151
612 779 321
608 919 677
689 81 624
604 196 990
18 537 732
338 629 699
635 584 53
857 587 958
346 217 788
395 590 744
561 34 580
190 161 125
280 177 190
638 378 902
979 863 286
945 492 503
357 405 425
533 574 911
466 375 523
161 249 444
82 895 994
218 868 44
81 40 649
444 201 277
716 553 555
651 582 515
853 681 936
351 4 766
907 663 131
810 741 490
917 159 808
291 370 10
492 926 14
533 604 632
803 656 991
707 997 459
138 676 519
200 393 278
795 659 945
347 303 1000
745 285 981
419 11 246
343 265 552
148 248 581
709 818 7
816 477 439
589 349 324
759 986 32
210 81 502
648 159 931
719 64 381
647 678 600
290 236 783
323 914 255
176 633 440
513 710 945
349 586 104
391 886 182
842 726 213
229 633 663
768 295 789
770 380 927
370 221 520
272 817 403
106 638 240
31 687 634
461 945 156
686 133 664
980 245 23
296 674 126
498 937 471
276 425 207
195 970 946
751 566 610
54 666 946
266 220 443
316 206 481
808 805 635
885 527 229
43 328 51
595 789 658
864 16 324
588 697 352
550 174 482
632 454 545
203 320 553
100 434 91
881 646 325
221 657 307
521 634 819
686 236 276
510 2 552
678 2 502
718 447 771
786 532 691
723 529 181
479 653 435
119 239 584
65 200 234
702 757 746
126 409 187
800 201 682
398 766 598
302 716 32
910 146 30
203 500 455
423 420 768
521 894 444
34 196 247
513 231 824
371 178 860
461 10 200
136 557 443
289 948 973
745 618 95
458 344 853
336 463 309
563 207 960
850 139 922
644 509 511
707 872 859
505 102 541
527 53 871
944 416 287
164 108 103
967 932 336
994 824 486
862 68 150
515 502 146
698 364 778
117 301 564
353 871 784
251 671 546
520 520 317
215 537 878
947 129 998
266 53 680
229 702 782
272 518 911
808 135 811
154 744 92
875 830 621
637 213 302
272 985 650
880 958 116
47 880 556
437 207 334
509 948 235
264 55 690
479 756 667
946 53 407
910 346 869
421 172 631
760 219 994
597 575 404
948 163 621
331 539 541
913 312 462
964 622 2
472 526 451
790 393 760
168 181 620
305 206 992
741 891 957
356 355 241
209 957 885
592 242 952
13 878 358
284 568 899
125 736 322
892 119 723
872 43 502
71 859 108
367 897 678
609 125 27
27 47 828
865 437 257
269 789 20
883 852 751
276 686 7
396 396 211
242 376 561
265 689 615
928 264 240
46 413 523
746 594 390
179 881 557
776 690 86
811 544 644
862 771 770
150 814 518
709 45 231
120 661 433
198 824 895
265 262 614
968 799 311
749 26 114
348 51 146
235 159 660
494 605 266
849 68 437
596 720 34
510 539 733
400 388 256
708 80 703
511 298 631
576 160 31
561 323 366
34 52 904
232 598 726
456 328 13
869 527 804
792 87 168
534 245 336
213 990 363
208 56 351
335 590 907
632 997 100
686 570 917
364 998 103
603 917 549
237 70 61
573 921 189
932 819 310
586 509 861
976 769 1
382 269 82
470 374 998
199 975 554
642 404 748
732 195 896
388 342 797
763 408 53
676 743 992
508 334 344
535 213 297
442 731 443
482 380 508
13 167 357
318 595 224
265 970 706
325 296 48
168 374 155
192 673 692
744 407 29
67 719 207
136 863 113
283 210 350
751 991 728
563 993 642
453 823 260
81 882 525
348 869 873
45 684 975
234 524 384
760 697 76
356 261 469
998 192 646
520 247 795
686 703 983
200 232 346
16 887 363
1 594 116
122 846 339
303 958 74
215 15 347
505 416 5
715 628 15
794 375 276
707 125 154
663 101 973
246 322 150
36 972 91
149 97 281
580 587 707
838 802 967
50 343 936
133 902 126
549 100 570
713 416 887
926 685 622
224 493 811
363 653 831
889 636 199
738 301 838
178 241 537
885 209 100
871 199 911
384 637 331
473 766 658
974 295 450
422 273 773
911 512 227
611 105 928
222 281 690
314 744 538
614 840 213
39 456 792
447 434 638
431 569 65
624 791 647
107 179 924
600 584 160
582 104 682
901 911 445
367 889 105
283 305 399
885 145 29
222 628 102
498 710 421
384 275 847
627 608 171
949 928 317
268 725 372
196 464 894
960 220 678
383 490 126
354 765 55
722 367 471
977 233 418
187 786 515
893 669 162
953 381 29
814 377 441
844 824 37
675 310 714
58 219 287
448 927 855
198 183 659
981 272 303
342 5 105
439 733 981
452 402 942
967 949 621
768 368 960
879 202 428
226 241 988
475 800 480
666 418 927
191 146 972
564 854 353
193 174 387
550 946 675
344 390 810
53 703 142
984 883 188
725 312 859
649 493 758
596 811 55
913 762 44
316 319 447
768 15 903
339 159 632
990 596 866
464 994 532
424 525 876
166 848 190
555 707 250
213 707 400
28 293 406
250 973 2
765 333 227
399 888 619
296 245 237
448 339 314
939 787 600
740 241 850
241 309 307
188 43 340
74 407 156
360 135 866
857 734 449
908 238 911
275 367 454
136 195 526
140 478 524
434 517 682
461 656 735
32 974 540
617 836 737
387 396 220
600 206 713
789 74 778
301 782 992
314 25 877
715 940 362
210 8 489
524 82 324
10 703 451
741 866 912
696 290 795
945 261 509
446 28 99
384 143 785
902 797 550
788 491 789
405 699 537
368 340 437
310 414 768
256 774 642
445 379 393
408 166 618
601 822 434
882 420 559
981 849 276
974 160 678
380 527 143
643 394 994
464 719 529
337 441 418
546 568 238
104 662 206
361 438 608
83 972 628
769 986 502
3 677 129
437 248 16
678 496 420
180 979 148
457 280 459
317 402 328
362 602 985
693 132 654
693 596 126
485 984 344
301 842 706
438 438 404
282 351 950
519 702 180
1 339 897
533 303 149
140 479 248
318 966 286
432 601 173
364 356 844
621 85 340
290 278 188
345 221 203
99 985 63
806 778 126
405 280 20
266 634 462
444 419 431
105 395 555
474 18 432
960 270 122
123 484 31
342 911 655
699 720 738
326 484 490
722 424 819
54 459 677
260 658 365
476 315 940
739 166 403
93 220 578
227 121 982
461 649 648
637 688 307
786 545 946
158 266 309
209 579 568
358 103 879
942 585 704
52 276 215
695 477 95
377 767 780
900 35 485
784 96 636
560 783 257
748 355 979
952 106 185
922 909 125
148 336 787
359 247 931
866 723 468
652 607 721
197 300 229
95 194 746
485 952 257
991 885 818
53 750 327
785 215 164
342 188 689
599 412 238
588 660 955
40 284 810
9 170 307
161 429 322
11 548 872
66 611 572
27 10 270
924 938 8
795 347 680
826 947 256
179 784 699
415 817 397
289 206 592
890 668 426
716 170 221
476 836 143
845 977 634
23 601 178
95 839 865
589 418 610
683 21 158
290 795 434
337 661 465
889 254 291
538 293 310
543 534 197
502 428 971
28 201 818
987 886 285
345 966 496
837 607 808
810 232 765
131 254 177
180 716 428
795 336 165
823 941 718
925 184 162
785 30 477
991 760 275
517 779 334
949 151 56
476 353 366
164 895 595
933 767 815
443 955 502
194 777 402
668 602 69
614 446 227
526 553 430
450 183 272
323 391 379
709 534 374
517 538 102
694 727 7
292 301 726
997 303 904
65 817 242
83 619 138
843 302 219
789 912 448
160 141 885
524 353 689
396 795 956
755 751 43
831 315 531
441 234 592
367 464 620
510 681 396
557 962 387
251 97 858
664 623 261
633 742 832
788 498 643
279 948 946
900 624 51
439 78 807
538 495 779
231 398 425
393 594 499
119 75 141
868 362 587
296 457 977
481 181 835
20 494 960
195 522 973
914 943 424
848 236 312
119 944 828
619 275 569
439 697 932
209 563 91
926 341 222
95 613 107
954 656 147
730 710 471
831 663 705
114 617 21
388 545 163
904 90 986
602 51 749
899 582 198
595 390 766
215 2 798
485 488 88
609 461 774
789 108 730
277 654 323
490 256 438
359 168 407
110 675 705
647 404 805
636 445 970
777 190 106
118 663 684
517 583 736
879 535 201
550 988 459
289 405 24
744 150 427
746 299 654
692 481 69
903 481 981
116 938 54
901 179 697
811 448 213
421 638 255
437 1000 398
726 562 477
853 576 101
143 813 82
957 517 407
655 415 158
743 6 625
441 304 450
380 766 392
692 987 845
141 983 717
100 993 960
681 522 568
182 240 347
520 784 400
95 598 43
483 32 761
683 49 748
395 661 496
591 918 282
740 659 979
842 259 896
110 417 358
337 457 37
615 980 484
846 729 151
507 432 689
886 274 902
265 643 572
388 615 736
763 834 939
466 321 462
595 420 796
824 558 524
93 900 885
440 204 714
201 932 16
707 581 728
319 58 457
790 834 902
74 863 578
914 938 463
110 407 619
350 50 315
446 314 821
361 670 419
899 859 643
135 606 345
904 824 629
290 168 471
724 395 910
349 752 480
609 428 640
734 584 910
96 479 641
956 417 827
676 714 550
201 643 647
745 900 517
233 593 867
471 505 799
507 278 746
735 584 186
787 939 71
829 304 751
491 809 933
60 327 203
657 126 325
414 447 351
759 800 615
109 64 253
516 974 199
296 509 276
91 520 364
208 594 903
338 217 173
242 792 977
13 582 35
46 456 631
302 631 644
113 158 932
571 327 545
222 900 563
329 831 646
326 203 385
619 954 726
263 357 313
13 973 102
65 850 570
272 688 72
214 544 611
165 574 160
786 272 99
644 440 167
740 394 762
997 29 963
61 990 69
121 760 598
211 665 794
369 736 862
521 136 652
295 628 370
81 350 931
890 765 912
153 82 962
607 386 707
890 392 602
445 979 768
932 844 286
357 20 224
180 792 32
715 860 122
418 444 480
957 561 9
38 573 889
320 58 826
130 192 961
460 416 581
188 926 53
35 828 957
288 14 569
680 605 320
699 279 34
921 301 865
496 216 787
968 639 235
692 73 138
386 450 963
186 454 675
514 770 210
434 111 879
999 658 630
784 134 587
346 503 78
710 79 487
538 19 128
662 249 584
965 436 501
544 783 846
398 869 304
977 217 289
260 209 735
336 295 876
772 606 854
774 101 660
369 624 701
375 933 529
880 137 731
265 811 799
474 932 736
702 469 147
330 828 74
55 968 82
417 412 507
518 187 471
921 752 250
144 153 795
77 893 139
267 420 992
226 696 226
325 812 774
735 761 514
562 260 815
414 977 95
734 431 860
136 416 510
943 270 273
986 747 521
284 724 556
658 408 761
417 727 5
342 871 475
620 130 784
135 93 449
697 661 895
324 711 549
41 335 858
142 157 628
581 185 528
375 207 676
670 55 702
286 444 983
676 32 701
258 999 431
357 315 832
757 584 455
18 801 694
681 344 768
721 5 189
289 214 900
422 559 342
669 315 817
139 442 571
674 756 897
373 302 231
327 503 120
255 415 533
407 250 605
143 101 997
809 438 243
491 985 49
416 169 959
624 758 107
190 248 875
90 561 234
637 113 708
356 687 611
809 901 494
267 124 343
624 422 808
33 942 495
510 197 207
156 978 190
578 740 902
602 469 818
413 714 796
621 788 913
602 617 97
805 803 672
397 903 688
839 312 188
676 281 990
457 231 116
812 740 672
394 961 772
984 232 703
783 556 811
726 307 597
269 824 505
160 312 826
356 885 255
175 143 756
614 861 966
238 178 329
275 299 514
874 778 424
880 930 504
190 205 889
977 866 422
368 176 820
432 949 591
444 913 988
1000 473 727
478 111 694
682 899 590
345 343 331
726 18 127
497 210 37
762 589 459
529 406 213
379 612 748
211 897 180
403 596 337
409 84 900
228 62 836
458 922 337
29 250 535
784 107 913
451 645 914
750 500 607
717 79 936
705 917 704
568 792 525
439 620 306
261 415 850
432 637 436
603 350 674
828 883 207
123 586 451
322 206 59
664 858 582
141 507 593
572 323 867
886 681 446
1000 497 704
332 850 455
311 171 36
988 352 704
23 76 747
201 157 844
466 476 752
46 547 678
579 930 73
21 849 177
121 742 447
822 781 348
866 884 706
542 864 704
782 50 549
626 544 292
742 314 707
4 238 765
769 567 660
692 626 396
300 95 506
890 525 389
68 486 735
828 827 583
126 881 252
684 802 503
183 332 412
648 49 61
329 235 262
938 616 162
315 683 507
264 751 803
108 132 836
657 760 624
847 263 719
514 997 575
176 952 81
829 733 181
886 401 403
247 206 977
264 926 853
513 897 630
758 314 49
186 32 927
829 939 247
992 791 368
9 911 999
541 964 409
221 403 938
732 415 844
406 317 810
150 943 818
564 99 484
687 827 489
389 322 913
172 506 971
25 339 279
645 227 464
231 413 766
150 167 122
310 377 659
930 767 827
902 609 999
513 287 72
665 412 38
236 275 367
843 968 488
163 966 980
25 969 224
932 300 868
395 26 814
314 29 672
239 848 654
545 545 662
211 683 72
17 256 84
792 972 623
720 530 138
828 132 762
339 209 292
950 845 99
378 55 236
146 888 10
930 79 948
264 743 354
792 822 714
305 366 14
876 267 483
621 362 883
422 320 343
30 388 415
127 534 766
103 916 24
179 8 294
458 400 532
398 333 114
773 923 18
774 982 486
75 930 73
784 631 149
77 945 889
623 630 727
342 71 772
928 704 863
884 832 744
481 174 836
423 600 452
702 294 866
687 238 578
173 776 786
398 933 127
597 281 451
808 338 287
401 892 167
230 779 990
85 502 977
784 92 13
187 793 449
167 636 982
710 146 885
321 668 703
705 914 679
362 819 518
539 71 136
603 374 804
874 774 20
305 304 598
617 598 598
847 260 831
7 338 694
21 380 787
319 845 387
879 794 698
999 747 417
580 678 5
758 393 54
904 823 989
150 763 210
712 749 77
557 389 423
809 910 64
701 234 509
577 772 499
472 963 14
685 321 339
882 530 152
986 376 932
404 546 627
374 131 919
848 266 306
530 645 945
157 637 178
402 809 885
957 274 451
570 18 11
352 477 903
851 38 798
776 191 476
687 856 33
481 795 446
23 93 582
853 871 75
456 555 375
891 658 793
125 463 698
803 243 28
451 318 215
259 161 194
251 629 135
541 289 682
8 490 158
100 833 699
241 220 894
112 917 788
23 965 825
322 972 632
786 20 519
836 698 798
123 82 356
805 797 145
311 987 943
899 790 58
662 924 496
329 236 691
861 437 243
729 870 863
329 156 621
691 529 176
452 232 582
53 718 653
879 796 20
394 776 149
870 433 601
251 327 183
561 360 780
631 453 20
538 491 11
13 860 453
446 939 510
262 510 542
470 334 166
648 800 661
254 452 785
753 585 547
646 978 590
901 814 982
214 483 452
22 45 210
179 513 854
570 945 654
477 260 99
47 139 632
564 596 223
503 919 637
514 462 543
572 252 180
34 925 914
362 733 641
715 656 620
648 140 996
109 751 972
184 818 5
299 194 253
986 570 312
317 811 259
720 932 949
967 484 965
65 999 651
542 210 238
883 402 743
489 117 251
716 566 808
662 22 108
106 291 330
568 207 220
922 304 327
693 398 343
72 736 937
90 116 743
901 737 797
670 702 353
850 710 396
118 93 517
997 956 439
712 415 1000
855 261 238
449 41 992
443 173 930
844 690 695
521 352 821
708 159 671
712 890 363
922 881 844
750 807 493
780 1000 756
876 849 684
872 491 892
244 933 254
956 124 57
237 635 155
876 960 129
175 679 989
960 843 830
307 351 409
467 229 767
78 114 822
909 403 459
12 657 821
293 630 469
561 559 541
448 94 526
455 6 909
721 549 308
314 356 516
177 47 573
106 759 584
626 254 222
696 413 843
91 864 982
593 531 885
235 896 674
834 741 54
641 747 364
85 858 984
601 553 949
347 478 520
331 73 263
46 31 280
321 193 390
723 369 960
570 98 667
263 954 78
141 765 572
685 273 592
992 918 288
753 64 173
20 947 929
431 674 718
296 706 6
793 40 392
833 304 592
924 786 689
22 195 6
260 532 652
148 160 847
960 477 396
359 532 378
731 835 373
976 448 524
208 897 671
686 46 735
646 443 512
916 517 665
245 485 242
277 654 951
342 136 253
889 841 775
195 698 285
767 265 365
512 909 251
204 544 614
809 653 133
668 724 896
676 766 670
894 379 617
336 729 1000
332 411 242
644 780 148
406 559 242
512 412 642
702 183 903
923 489 535
294 932 106
818 730 305
740 722 707
713 873 671
501 477 646
164 762 383
135 809 994
286 672 888
358 429 322
103 715 914
536 595 701
728 883 637
47 484 149
980 552 428
362 793 394
684 907 168
342 530 423
306 281 291
41 291 516
696 504 803
848 142 571
948 1000 594
346 145 972
928 882 713
451 423 208
673 208 112
268 192 846
220 716 797
523 882 923
439 243 969
658 174 385
502 426 982
818 228 294
927 132 704
362 245 704
815 188 820
915 874 169
486 790 936
694 639 984
228 819 302
736 907 968
348 616 480
400 639 920
747 737 884
739 477 762
411 438 89
119 823 711
59 102 56
311 377 436
454 899 29
772 581 544
37 645 593
316 84 939
764 392 786
241 708 164
854 276 835
318 7 227
111 988 944
478 187 242
714 784 855
580 286 139
744 622 175
974 442 89
64 818 263
330 446 971
507 184 895
354 60 58
31 471 338
155 468 124
22 794 188
105 295 642
599 682 746
170 501 863
672 483 884
774 275 881
296 184 881
115 33 584
70 639 114
314 285 431
109 507 969
732 6 956
697 823 218
216 685 777
810 437 770
459 333 412
809 388 810
588 717 806
182 145 392
49 173 993
119 631 83
186 495 709
193 876 488
634 811 512
251 27 626
216 528 261
751 107 72
830 622 488
386 615 182
434 286 214
301 287 635
309 83 738
576 977 885
342 9 942
685 591 65
720 870 558
896 523 527
112 469 893
467 897 928
53 228 457
449 27 697
242 878 467
197 353 995
199 218 368
666 494 552
123 762 103
49 419 65
482 233 726
724 495 795
543 812 376
102 420 432
710 836 409
260 314 345
388 725 308
896 626 70
749 944 329
215 985 318
710 794 246
773 318 35
678 830 229
556 21 54
362 929 266
266 489 904
867 410 72
332 902 563
624 396 80
447 978 748
160 79 587
697 187 239
274 487 972
487 460 736
557 926 875
610 472 607
729 965 179
506 252 388
280 203 60
417 112 104
49 283 732
914 543 954
97 942 680
278 713 781
540 938 380
856 35 51
40 146 556
754 15 180
670 339 716
221 707 550
341 243 319
808 621 761
335 68 168
99 887 829
219 954 904
57 232 188
998 500 693
569 678 407
940 675 145
259 978 563
381 289 546
6 984 719
81 681 72
755 72 127
831 247 321
490 350 411
718 207 771
825 966 183
448 783 216
702 780 425
315 495 258
966 151 612
985 859 540
363 682 484
802 895 226
829 574 311
822 1000 683
290 327 141
572 638 231
526 326 197
435 760 510
875 326 889
618 944 367
550 747 901
598 851 620
693 990 536
902 702 568
479 557 438
20 629 214
209 737 545
808 840 989
424 824 657
507 298 98
762 401 551
791 877 159
704 623 727
972 844 196
52 247 748
20 112 634
909 895 743
382 976 7
14 613 41
204 917 108
173 4 471
719 561 207
916 735 203
338 145 388
420 944 140
523 852 427
357 750 855
638 977 846
480 280 635
681 776 921
430 102 124
761 248 539
33 600 412
906 826 974
333 449 899
720 983 238
743 709 692
772 167 786
844 21 929
654 547 882
707 515 433
549 217 717
578 708 568
995 22 835
74 492 386
182 564 830
81 603 288
756 136 726
120 243 802
411 423 504
994 184 89
61 865 412
580 202 73
36 464 362
897 777 592
132 13 468
651 142 589
164 179 300
605 835 255
776 260 248
506 541 668
86 871 404
310 812 507
72 689 705
690 767 161
514 618 989
935 238 491
971 31 371
531 506 18
232 302 671
595 502 655
761 431 234
390 538 375
970 373 960
361 996 498
3 788 321
285 213 466
159 972 200
175 916 973
179 883 936
417 633 549
171 510 617
744 796 641
967 776 712
406 396 995
919 746 889
846 6 269
380 771 517
652 100 134
608 805 432
191 439 214
570 782 845
535 737 421
237 36 766
952 81 638
473 828 995
81 478 773
318 567 235
356 308 105
469 948 58
829 121 605
604 362 270
532 683 678
745 255 138
766 972 740
100 983 636
60 538 96
522 492 543
378 245 919
715 243 314
234 394 96
919 599 388
496 615 228
198 54 3
432 494 536
469 147 168
937 27 926
734 692 760
110 32 637
453 861 137
243 556 734
952 240 373
111 17 575
212 22 157
938 924 149
732 966 905
144 441 760
651 767 389
272 719 69
230 261 920
743 570 908
838 916 436
480 31 319
527 594 370
57 847 307
686 379 427
754 8 581
577 142 418
360 220 877
974 460 300
102 962 801
32 841 619
892 571 755
685 689 592
395 350 943
48 839 902
652 570 327
940 533 944
730 132 434
440 556 573
685 242 596
731 390 209
741 441 433
90 644 776
324 116 586
197 776 174
665 691 502
387 231 658
186 404 183
236 564 181
642 428 394
261 28 928
752 129 815
863 72 107
214 132 729
603 796 659
704 230 602
956 659 224
181 928 420
221 429 585
801 860 316
149 453 484
260 533 758
501 426 206
715 76 173
879 552 792
732 567 334
235 533 37
186 881 181
653 109 22
959 728 376
147 154 445
147 978 458
881 811 500
288 162 204
918 558 588
104 687 13
78 774 298
968 359 453
359 140 950
258 928 297
170 217 310
928 388 638
386 791 776
393 696 995
620 204 587
393 874 559
893 596 272
862 597 529
496 36 719
802 883 432
966 211 932
868 189 899
561 682 983
652 394 272
60 58 799
849 988 920
257 833 983
75 612 117
900 286 528
279 432 499
145 139 554
864 862 894
977 868 415
980 507 726
317 49 201
794 411 153
324 554 73
449 117 852
218 584 73
144 763 348
18 38 633
196 393 77
288 237 37
904 639 610
650 519 65
119 557 454
37 237 662
142 662 862
633 445 203
666 338 171
215 983 186
370 99 377
928 955 132
222 460 540
839 16 249
46 475 855
774 431 219
823 926 921
514 496 283
715 915 800
950 544 191
947 561 486
677 870 342
617 578 358
988 265 407
62 805 272
783 938 790
461 781 680
982 998 453
920 843 291
947 279 923
840 627 383
588 860 694
195 596 844
790 61 782
710 189 216
376 838 118
240 137 646
512 749 802
109 824 440
635 239 801
188 339 339
443 478 868
867 404 807
19 759 312
533 450 888
110 779 993
557 469 66
774 906 776
860 456 207
58 362 217
745 473 245
696 404 720
444 411 25
545 998 129
958 180 964
373 989 652
398 218 340
938 242 735
246 613 567
649 993 514
209 146 902
880 22 545
155 575 75
139 472 68
512 558 352
457 544 784
720 4 317
459 575 43
348 977 171
903 617 728
233 467 475
838 7 205
163 536 556
557 611 430
86 966 353
390 535 434
44 402 770
912 986 883
118 270 973
377 152 12
235 886 765
250 211 622
819 131 950
574 263 760
659 582 824
175 410 362
264 554 737
345 589 801
902 914 643
574 330 703
737 680 559
492 600 484
123 40 351
369 999 671
329 274 81
84 822 504
219 562 382
276 272 205
309 542 389
307 838 489
207 575 41
398 135 829
936 576 694
33 848 869
750 458 169
665 784 452
894 84 978
949 522 382
1000 439 755
881 957 358
501 873 209
150 109 337
403 229 389
190 502 898
905 209 272
827 836 604
912 346 860
827 904 669
552 153 266
551 319 824
106 342 577
348 50 42
828 336 90
475 106 26
207 755 145
849 635 871
136 403 76
863 772 864
894 80 167
630 496 488
291 337 18
831 860 906
958 441 5
87 160 672
609 350 369
693 217 569
470 438 39
297 291 14
791 554 843
148 722 387
502 164 592
718 992 171
699 619 431
184 264 748
824 902 57
617 296 415
153 373 719
771 99 994
972 323 786
301 879 787
774 973 977
337 67 155
174 89 346
272 382 79
470 954 937
291 113 554
287 646 91
194 253 801
69 226 218
156 928 155
383 884 173
772 827 233
67 164 227
277 256 551
764 138 233
493 972 346
140 798 14
514 721 895
511 369 475
899 277 507
567 129 181
296 823 132
607 915 974
658 286 905
981 178 310
706 684 608
916 558 572
394 629 702
219 518 763
999 354 884
885 173 596
920 456 657
697 635 397
384 728 719
588 85 438
578 22 294
525 577 399
892 25 344
687 499 76
365 662 950
437 669 423
442 194 943
440 166 651
65 428 820
446 168 209
603 588 683
426 843 241
588 510 805
741 5 884
299 431 315
318 297 694
251 51 403
553 268 141
475 924 19
208 723 851
511 928 995
476 207 318
997 350 414
425 675 210
640 663 709
929 757 178
772 538 588
206 80 541
1 596 372
139 796 52
720 964 854
287 114 669
465 819 833
816 953 587
677 917 760
12 832 573
131 457 291
466 96 605
708 594 288
35 893 562
572 697 313
472 424 485
252 844 390
475 266 275
982 182 968
668 508 154
551 918 767
154 635 973
424 643 724
566 592 190
203 209 401
863 73 906
287 729 458
349 43 961
515 31 457
610 745 736
672 629 21
98 12 160
211 876 50
273 487 49
462 398 269
396 168 551
899 424 608
912 736 928
705 341 401
995 767 226
998 95 438
382 404 765
694 270 115
31 486 134
779 551 366
12 17 165
425 407 758
727 218 145
840 167 527
652 52 970
754 383 812
285 109 428
616 554 550
888 404 721
47 682 427
609 905 830
808 515 368
928 183 122
778 534 180
859 866 781
244 205 187
496 520 156
961 201 160
29 382 615
440 194 40
862 427 211
961 62 976
312 839 851
705 488 909
437 734 745
165 915 846
523 919 820
433 987 271
773 954 335
620 714 51
373 851 594
316 555 698
606 752 511
896 199 908
809 567 536
544 18 456
503 292 403
624 489 794
182 616 382
241 669 730
70 11 647
674 396 65
906 770 214
734 181 489
629 556 897
602 45 436
234 366 69
571 840 117
684 315 556
310 449 153
475 305 589
456 434 178
670 495 312
156 641 225
418 412 263
200 765 163
450 447 392
489 763 223
1 960 97
581 598 305
53 160 114
563 866 664
499 635 437
793 118 511
979 422 875
296 352 301
413 287 38
752 37 718
522 728 46
649 263 27
86 154 60
734 989 888
279 537 795
99 851 348
212 800 700
853 83 196
67 532 290
249 633 687
170 206 617
899 861 968
197 318 330
143 642 654
25 532 710
550 336 524
41 152 858
798 113 254
682 643 484
568 282 474
934 367 597
49 776 540
637 976 218
729 918 802
468 273 945
700 991 880
752 628 590
470 444 521
341 28 193
939 594 317
853 739 357
704 917 373
519 439 262
384 612 279
868 892 30
242 789 424
894 175 752
528 371 752
950 589 731
240 331 74
121 143 699
828 581 738
75 396 534
115 200 647
185 395 890
30 559 275
198 892 805
585 190 804
512 608 317
610 350 832
468 193 568
835 420 56
426 137 69
264 139 853
361 806 656
702 484 772
138 851 645
695 819 586
509 45 285
127 334 389
502 543 335
543 983 834
964 339 17
124 739 610
92 963 323
974 887 657
904 957 707
641 967 468
406 455 805
384 726 457
106 814 290
647 889 129
581 276 708
858 942 184
463 180 879
572 936 736
463 932 477
263 907 54
982 404 33
140 346 743
917 184 456
884 972 107
202 263 619
907 183 995
747 729 348
316 551 935
680 839 687
923 350 255
684 525 112
989 822 332
11 297 874
453 72 594
137 556 112
173 992 175
49 353 577
909 644 534
386 706 671
116 22 133
953 523 342
425 445 215
946 52 32
16 781 384
122 47 325
58 990 937
108 947 979
756 264 424
448 299 818
556 734 925
108 41 407
727 850 148
158 867 908
954 847 385
527 636 186
948 849 12
685 85 452
315 420 201
102 670 334
468 329 102
938 683 445
27 86 134
557 721 437
203 1000 388
98 245 810
267 553 226
541 777 17
747 72 216
137 584 563
518 634 196
966 897 81
80 3 276
930 941 799
461 81 58
558 718 363
895 881 513
11 797 828
405 369 100
145 541 495
443 520 421
384 705 647
664 208 666
504 94 604
652 288 348
81 363 220
353 722 574
992 777 984
125 469 978
833 838 329
240 145 440
721 772 308
501 389 248
80 916 135
350 854 163
542 220 502
487 628 444
415 627 92
694 75 901
938 26 646
925 367 960
46 526 148
555 942 682
762 160 583
395 906 4
904 977 154
326 982 273
237 427 329
270 641 134
425 728 506
751 609 89
88 275 703
572 490 412
67 873 650
412 711 519
458 50 809
632 456 114
535 592 517
577 463 420
954 179 706
141 584 374
451 688 168
231 321 954
474 807 470
177 418 454
558 1000 335
984 112 180
300 420 666
523 255 560
817 431 753
95 307 724
938 663 260
776 280 97
687 335 666
43 437 301
899 911 584
798 579 146
879 148 161
624 834 518
868 586 495
236 780 584
580 89 890
952 850 431
141 495 854
512 791 426
968 213 225
835 501 507
825 614 547
806 984 235
832 256 912
921 581 814
82 433 863
138 510 446
420 37 912
180 112 465
827 894 268
546 678 40
731 315 805
948 463 695
840 968 309
98 31 438
580 221 810
509 678 785
892 795 143
519 374 132
572 491 4
558 728 196
572 739 387
147 350 294
906 262 316
797 202 52
629 147 638
165 192 234
397 2 850
76 442 592
415 471 103
827 597 63
717 401 861
917 119 178
895 232 65
372 65 958
512 849 435
665 801 229
642 950 790
947 672 653
393 783 553
178 148 895
767 747 138
937 225 294
543 579 75
775 297 14
438 686 902
703 740 382
258 219 385
354 59 941
903 206 495
965 7 769
535 631 729
608 201 935
694 426 312
421 437 638
549 450 833
518 978 641
135 343 809
972 267 427
189 942 786
203 249 942
767 437 988
456 589 986
529 510 839
98 160 218
97 845 159
94 998 664
69 556 404
496 983 722
810 619 354
255 255 173
788 842 419
778 318 220
869 451 761
40 828 769
138 77 102
211 854 912
997 907 861
463 545 305
747 915 303
372 343 870
145 345 268
155 539 343
409 970 521
494 194 185
2 180 736
886 468 265
255 610 968
374 304 702
222 14 857
403 821 616
194 662 63
175 71 334
146 423 602
310 890 412
417 743 111
925 283 401
590 17 905
981 605 921
638 814 907
43 943 159
341 431 183
186 526 284
490 1000 442
180 783 421
380 244 148
558 657 333
242 837 990
30 446 488
751 160 478
316 555 811
441 355 490
873 136 893
739 809 578
591 957 284
112 871 755
387 321 177
931 427 30
237 784 773
843 522 525
997 354 88
857 812 867
147 115 361
958 558 885
990 311 478
119 843 973
924 490 337
735 19 741
729 220 997
15 264 477
840 279 556
671 70 277
324 948 100
849 243 353
