7044
22 338 994
27 624 663
161 779 741
5 539 132
355 522 791
290 95 942
162 418 578
837 421 649
675 969 609
248 218 246
816 752 905
15 211 688
128 880 880
954 514 816
505 537 677
705 123 33
825 434 546
955 954 311
264 970 174
937 970 422
761 98 392
188 742 354
540 942 986
132 207 931
712 650 611
574 158 667
777 260 161
414 141 787
660 392 873
866 659 213
361 230 306
637 323 939
733 109 992
807 93 720
945 120 725
323 474 984
295 165 474
190 251 58
433 366 104
343 152 955
250 511 557
657 706 439
50 735 454
67 809 349
499 420 900
798 534 506
442 706 185
173 895 946
570 322 928
824 899 95
856 303 983
922 268 955
769 400 489
449 522 266
367 750 190
970 518 319
643 798 471
735 497 810
37 334 936
248 998 427
10 472 993
333 55 7
614 891 307
757 528 856
771 874 79
485 348 621
808 591 365
429 479 470
477 838 689
734 163 684
335 65 651
287 529 206
344 94 695
501 276 918
566 438 70
420 507 483
405 14 540
115 244 681
394 761 577
97 871 704
393 411 853
835 878 466
769 77 149
713 530 160
284 667 856
466 927 931
839 190 222
876 312 370
230 49 2
921 156 345
94 607 404
670 541 775
218 692 764
838 21 578
691 55 245
756 887 325
352 815 578
641 43 226
65 172 560
2 259 121
351 988 870
824 784 337
558 996 318
825 41 136
534 740 345
411 42 933
92 256 614
856 767 795
255 210 458
786 453 999
994 484 923
699 83 942
884 978 628
676 183 9
312 930 941
902 795 858
670 8 791
670 937 679
905 922 517
383 197 337
429 767 488
503 50 466
968 820 279
123 412 68
443 464 631
186 65 206
722 343 170
150 934 470
580 485 901
305 968 791
148 652 912
639 934 266
774 421 702
651 503 297
151 745 432
881 689 100
735 873 769
131 195 569
134 220 582
658 368 108
285 795 707
717 654 531
338 124 308
289 343 657
23 327 824
246 997 970
173 880 65
103 448 746
71 264 1
884 158 967
789 695 188
337 338 155
758 498 717
950 923 114
485 51 701
515 755 968
735 603 460
937 921 821
221 802 525
963 705 356
779 905 947
774 783 196
437 652 528
623 980 89
724 52 910
569 463 138
621 128 640
135 265 360
143 908 383
332 585 467
946 103 330
244 450 323
621 122 213
103 586 243
811 612 200
999 13 518
598 630 680
696 592 650
746 767 76
453 686 15
233 965 719
52 298 511
246 322 587
947 725 874
563 857 953
553 762 768
18 128 794
961 544 939
834 252 171
495 440 396
632 179 477
853 533 351
815 889 536
562 942 215
599 425 202
741 739 655
528 42 336
568 742 98
639 43 509
267 840 708
30 357 355
153 109 516
530 721 983
606 289 704
212 708 721
854 455 976
621 86 635
396 904 503
156 184 950
394 354 619
920 323 298
955 893 778
725 383 627
785 6 74
49 413 488
576 565 81
832 756 751
675 417 67
407 141 22
510 330 926
728 115 470
1 861 116
968 19 414
718 749 635
642 369 771
232 82 103
224 732 157
688 755 566
406 29 485
103 970 444
263 60 832
30 135 249
350 178 609
621 352 485
404 133 5
648 781 47
477 789 936
786 461 945
77 311 244
517 455 723
700 299 125
140 933 651
957 796 485
748 378 123
3 281 697
908 791 115
883 152 194
821 112 907
603 992 363
49 578 351
367 354 557
493 210 985
826 217 574
451 748 844
271 978 111
977 604 964
306 278 117
500 840 510
459 643 437
615 471 432
271 10 390
178 194 598
868 130 184
918 346 110
184 1 121
788 399 244
500 846 533
603 688 88
585 265 146
89 630 942
499 624 209
858 35 493
254 888 554
702 487 681
830 925 650
596 583 138
91 384 743
932 318 232
773 133 473
183 70 962
57 701 643
440 340 545
525 38 848
3 526 753
826 23 706
940 600 704
881 271 697
202 746 977
199 665 656
172 832 684
291 439 945
129 173 204
482 199 108
776 245 605
183 767 690
753 22 770
416 459 62
737 562 866
794 179 299
274 78 646
811 561 979
762 106 975
505 230 971
469 603 174
168 361 24
910 260 234
899 749 142
132 864 336
383 361 664
463 977 646
131 272 176
755 319 526
148 76 329
532 19 976
5 17 970
67 772 581
279 883 848
174 418 372
831 597 297
635 566 530
803 655 660
346 250 243
406 848 600
537 103 250
330 737 51
949 783 863
50 689 973
365 484 908
813 903 493
947 252 434
258 455 468
695 187 181
873 526 635
505 605 182
878 802 722
123 371 343
834 238 805
755 232 668
693 337 339
745 277 91
314 330 860
625 122 132
696 494 895
66 823 806
656 895 682
678 549 105
780 339 859
949 276 893
443 967 685
820 669 590
283 41 209
704 295 830
745 81 257
283 310 286
958 468 938
465 680 402
412 954 938
370 290 137
802 155 397
963 727 119
252 290 246
944 105 853
983 154 136
263 474 594
682 525 90
475 406 279
821 981 238
227 801 377
531 119 644
568 534 714
355 577 940
17 759 532
982 540 290
646 419 983
613 527 438
104 991 690
496 664 830
527 168 218
233 247 436
109 156 473
817 545 759
992 260 649
483 387 640
954 530 307
505 863 522
706 618 531
634 693 298
367 740 958
515 549 896
180 475 560
37 90 648
64 906 996
252 710 61
830 572 547
300 60 633
513 235 358
768 419 725
534 212 407
632 85 854
505 265 769
800 748 148
851 496 44
541 930 213
768 27 683
398 863 131
94 25 593
620 973 351
993 298 959
44 541 343
362 908 125
154 569 695
260 978 930
568 10 971
146 761 994
909 290 587
292 478 541
742 363 255
916 416 534
241 641 914
158 84 571
682 155 849
343 147 663
177 140 31
835 88 229
873 647 561
619 384 952
113 444 295
681 201 563
297 466 91
973 393 396
920 68 907
500 218 991
492 806 146
844 624 757
545 695 819
530 131 988
837 889 204
752 969 874
433 257 825
569 472 11
932 659 439
285 218 493
720 882 780
70 195 94
776 659 697
717 558 37
152 516 543
190 842 900
787 18 406
760 931 912
627 802 788
229 163 984
831 835 176
173 101 867
639 871 210
1 559 309
793 857 385
868 409 326
490 978 506
716 76 300
67 988 696
683 767 406
118 352 388
679 962 862
673 275 503
833 490 356
777 551 661
100 831 633
695 864 759
665 941 144
120 452 565
342 46 309
254 881 875
15 477 246
36 634 111
60 578 989
506 727 657
561 416 871
175 721 396
890 151 714
676 721 375
301 495 432
700 389 631
687 752 57
295 865 684
709 111 591
14 16 881
289 453 658
584 459 165
305 951 801
31 374 743
232 624 151
884 242 433
341 404 220
682 749 438
455 520 536
256 327 114
531 478 197
968 191 352
724 196 804
596 647 923
37 313 382
334 234 633
828 483 363
461 256 22
93 324 180
847 195 904
450 34 71
797 890 276
947 399 336
357 155 892
820 876 525
64 844 31
872 553 255
54 687 394
223 723 558
536 560 849
147 6 698
874 743 624
449 887 857
908 498 407
656 768 950
355 781 89
70 251 473
515 95 662
108 250 738
65 722 32
832 329 650
566 978 128
43 940 294
250 436 116
489 286 371
336 856 839
471 644 357
487 724 646
731 785 728
883 302 458
18 958 777
58 167 565
174 5 395
422 881 395
668 933 612
157 799 270
717 81 411
293 614 461
547 318 860
429 236 842
84 926 400
213 877 990
268 163 726
167 235 631
487 470 723
895 767 586
536 194 128
256 950 679
39 136 79
503 754 392
847 549 922
934 597 573
565 682 238
632 623 568
747 199 683
815 682 505
464 199 491
604 735 636
268 40 800
501 615 317
150 74 650
364 963 234
464 689 761
236 222 660
120 10 304
940 683 68
810 850 40
621 489 380
163 575 753
719 537 342
104 612 940
3 424 192
775 545 594
560 907 421
232 982 108
586 939 373
667 947 729
541 683 6
463 347 559
588 109 873
197 479 521
490 249 652
910 445 202
780 363 685
542 883 321
68 927 561
956 916 72
751 794 288
584 397 881
99 646 967
894 630 664
775 349 1
753 12 707
516 886 460
444 119 104
885 258 274
874 713 350
657 895 769
67 161 715
930 719 559
469 161 956
58 613 137
721 843 862
156 386 839
401 633 835
275 4 338
863 121 274
521 864 462
222 969 898
301 949 114
847 398 49
966 12 5
248 79 524
837 293 737
779 228 967
833 232 232
50 480 257
509 165 623
561 955 247
374 625 461
675 623 359
240 704 572
532 974 130
865 963 62
415 242 539
356 953 840
794 832 540
97 855 76
537 28 490
96 290 381
345 639 940
481 690 28
765 236 73
133 555 370
809 648 927
854 5 495
210 925 404
276 308 316
671 797 142
747 565 875
389 945 190
597 760 71
46 14 191
261 264 856
485 517 649
895 878 184
764 170 92
537 745 569
418 442 363
323 460 587
585 11 277
532 4 850
769 176 644
788 670 703
918 134 200
607 383 882
878 145 872
833 243 66
726 17 340
114 221 32
989 859 313
573 763 240
218 981 39
648 739 107
73 476 420
305 907 98
577 184 84
720 657 828
817 829 632
115 105 174
984 171 104
564 365 7
154 943 177
166 183 786
727 773 100
691 311 390
660 127 478
749 479 639
584 804 504
353 447 594
629 383 128
425 932 697
865 500 787
475 434 637
804 246 155
48 920 816
285 812 984
850 98 771
469 964 304
872 91 517
468 918 82
287 547 578
802 822 655
220 113 175
669 902 625
110 690 594
663 994 533
710 980 201
732 423 969
477 709 607
422 724 748
971 925 984
727 877 162
955 744 11
438 86 270
554 49 929
800 70 41
86 902 228
625 42 59
284 320 409
225 284 495
736 62 837
961 425 641
793 484 765
411 769 834
43 283 889
440 748 217
875 469 277
7 213 827
853 185 400
623 526 793
961 196 229
295 369 737
921 589 785
827 528 346
555 722 799
417 77 975
610 333 913
241 63 208
533 442 943
495 374 124
385 32 290
734 926 396
958 167 901
152 655 328
643 238 431
891 54 537
763 653 819
48 662 776
889 96 275
622 854 350
697 667 114
790 915 455
11 666 576
817 503 93
855 564 379
115 483 839
273 312 753
54 615 943
217 915 410
142 139 900
86 83 841
682 702 943
129 273 739
311 679 906
84 9 971
756 617 77
108 821 228
743 966 918
840 172 92
501 879 752
562 589 604
253 323 351
262 991 257
111 984 896
883 828 927
564 9 928
39 664 72
766 12 647
652 412 295
324 139 290
704 749 781
101 686 442
101 906 54
39 96 294
24 546 724
564 727 637
346 970 402
910 692 553
87 194 605
416 413 767
958 534 342
945 316 323
124 776 226
49 566 544
397 528 675
294 799 183
595 128 122
490 404 704
515 365 640
445 16 113
333 32 173
635 594 844
213 499 982
350 485 297
665 200 375
896 232 887
193 338 543
61 482 492
43 242 154
696 735 679
731 216 761
723 795 353
943 884 267
287 518 387
868 962 721
21 90 310
303 293 470
733 736 109
231 92 663
88 9 871
732 990 819
9 446 678
937 790 202
738 103 333
203 842 968
9 972 700
403 729 474
654 349 964
380 733 404
208 258 788
149 203 703
612 422 302
789 440 345
821 963 125
207 773 615
925 209 331
654 577 945
818 600 350
989 919 142
73 68 653
528 863 332
898 465 179
865 57 63
876 327 91
67 489 704
356 450 692
578 782 546
644 52 193
858 346 393
389 620 590
200 269 928
830 180 897
795 326 369
624 802 837
698 434 340
633 473 806
681 47 674
504 794 686
899 104 800
460 565 528
998 460 963
724 932 295
261 44 588
961 48 55
180 217 797
834 27 447
979 575 746
936 359 184
643 29 398
785 580 375
153 332 739
103 140 841
573 139 985
666 352 309
380 12 504
919 943 800
578 561 335
914 43 697
95 92 207
281 790 806
22 664 382
604 630 971
456 155 438
464 264 462
225 586 380
151 325 513
90 91 979
529 754 28
142 846 46
184 731 48
434 934 893
964 966 673
992 262 315
960 663 688
116 659 364
56 753 368
544 285 42
780 392 308
170 168 412
943 47 792
577 849 463
276 583 555
446 335 406
252 844 703
908 218 840
601 801 319
941 86 148
45 195 696
104 59 664
87 602 226
764 616 557
961 96 555
95 203 22
790 561 781
4 670 287
689 11 905
98 864 72
884 663 931
873 306 993
474 963 679
353 658 704
845 686 661
536 288 361
300 858 442
624 249 414
789 478 175
694 686 265
460 990 730
698 577 834
245 309 657
954 688 222
977 215 74
867 120 905
990 202 471
801 28 245
893 50 573
605 744 832
883 477 141
665 113 4
359 757 991
113 169 217
972 890 113
879 59 667
617 715 772
429 623 442
100 733 950
854 375 994
635 857 941
96 253 582
785 665 220
380 875 192
531 1 412
642 837 756
807 505 851
117 506 387
352 40 524
95 238 815
569 82 444
802 967 694
322 195 73
871 525 773
567 918 75
13 473 206
28 716 860
608 931 936
460 695 961
485 372 635
750 895 367
78 198 369
413 498 684
142 476 379
824 509 213
418 945 311
858 325 916
699 506 403
907 25 499
590 801 670
842 159 354
104 496 21
1000 564 244
383 371 82
105 954 386
302 497 921
390 773 704
324 513 111
456 817 579
152 188 678
599 290 289
608 390 600
701 708 628
908 722 751
585 939 260
933 386 735
166 164 556
560 176 825
556 487 665
439 539 851
246 536 541
245 248 550
665 819 707
82 629 107
552 341 642
482 619 630
523 656 775
339 303 145
628 592 927
636 49 12
460 373 753
376 286 7
816 231 539
347 117 776
543 124 874
825 315 805
816 595 255
202 11 557
74 106 444
937 830 367
614 829 270
768 67 970
909 769 973
106 46 794
210 848 687
954 362 823
209 764 808
217 195 855
369 361 635
719 385 55
103 572 49
82 840 877
178 523 448
434 627 531
309 789 952
407 457 696
390 384 838
263 112 870
403 826 141
354 271 442
800 84 8
615 816 562
433 745 648
861 482 192
690 828 476
496 677 717
645 396 928
118 1 721
869 8 994
572 14 583
17 449 391
485 604 187
661 635 819
38 246 67
820 668 186
916 161 957
644 697 403
219 216 190
542 478 877
118 897 919
857 401 279
18 273 192
655 300 876
965 874 303
336 272 627
215 932 438
763 654 456
797 194 44
120 272 376
767 185 276
897 243 610
491 97 128
997 571 711
301 760 766
123 646 869
767 457 549
719 419 547
422 445 824
635 356 102
98 6 508
939 621 392
52 879 672
125 202 237
838 315 302
810 967 560
717 80 938
13 287 233
273 179 322
431 756 13
31 855 265
438 445 474
595 285 564
184 544 148
32 725 108
728 377 218
32 73 257
538 801 559
691 740 429
850 697 852
646 615 828
985 759 808
999 656 161
841 748 20
191 452 992
914 993 257
289 11 850
650 431 454
664 177 383
389 896 505
648 577 29
963 313 653
98 959 606
222 480 878
71 160 583
313 952 550
29 363 932
1000 798 609
357 221 760
941 776 327
888 926 266
167 794 576
212 340 248
846 216 544
943 389 681
891 718 853
500 749 890
912 23 89
378 91 763
48 542 951
10 589 794
659 576 502
480 768 398
186 740 848
742 285 205
444 516 568
58 92 86
80 166 852
781 21 798
891 448 605
880 551 244
704 141 536
301 344 801
251 663 636
262 909 266
612 727 681
644 577 287
699 965 799
617 112 221
570 453 213
53 168 830
722 800 817
838 302 357
834 331 984
670 811 131
856 560 803
890 391 41
506 482 484
101 156 684
405 449 196
303 532 446
65 601 99
995 518 160
330 249 588
771 330 619
904 675 514
223 643 467
482 879 156
914 926 492
788 450 763
388 702 802
168 385 518
193 258 81
477 131 41
186 132 602
868 122 608
432 69 978
274 858 614
942 539 479
394 717 916
965 53 988
73 529 756
70 746 679
869 622 685
268 404 585
684 935 517
638 36 147
596 358 413
274 363 806
191 504 363
279 350 168
857 427 850
827 885 832
375 165 405
44 822 709
218 512 417
25 326 968
279 719 218
11 394 74
977 110 60
846 430 231
717 885 778
989 669 554
161 437 252
829 604 762
732 185 584
439 416 807
158 879 836
68 842 570
122 446 625
658 82 445
846 416 427
379 441 172
717 873 753
863 397 136
141 423 863
172 555 488
606 963 246
963 87 245
441 218 910
102 495 912
520 513 203
956 150 172
158 282 13
426 244 9
864 211 613
681 20 193
927 812 590
448 522 874
938 366 270
60 34 534
707 863 262
465 326 691
584 995 149
93 320 564
294 654 823
279 556 16
547 28 871
28 661 587
817 321 467
203 900 618
507 835 722
989 77 524
827 778 186
61 798 931
850 630 908
714 209 257
407 692 625
930 483 800
856 116 15
893 827 302
744 961 26
331 480 723
148 984 969
514 796 233
778 47 490
40 437 220
668 877 55
662 96 717
75 164 609
573 516 309
93 235 253
680 304 632
89 913 711
594 749 110
389 669 631
126 680 646
101 891 811
206 261 7
299 783 204
627 796 765
415 202 800
369 868 276
81 842 102
936 714 559
594 774 986
841 495 595
725 358 83
611 623 989
239 652 355
832 175 490
288 700 722
553 884 909
206 152 340
241 710 82
751 861 269
881 979 756
779 909 504
959 871 418
92 750 32
882 430 51
434 517 383
497 237 418
873 641 761
544 180 86
60 500 806
570 621 654
681 497 954
617 152 98
948 703 349
799 483 35
738 284 578
889 11 843
419 555 568
722 83 529
644 159 975
411 96 784
660 880 730
533 990 168
27 562 376
23 242 222
597 639 803
745 212 548
670 90 808
358 293 976
921 387 341
624 285 761
771 329 210
586 924 917
636 68 66
384 21 154
118 640 711
129 181 748
619 392 418
678 488 23
809 490 605
144 711 708
385 99 147
200 767 561
96 576 883
166 116 110
695 140 29
439 973 427
184 625 649
900 884 229
539 980 327
305 523 669
750 548 230
788 578 145
180 10 980
406 243 56
295 360 1
798 576 477
746 877 334
152 752 8
844 708 39
882 25 864
631 902 360
576 749 220
542 455 128
668 654 114
955 46 726
504 204 228
711 588 7
681 969 413
212 846 550
418 983 758
196 362 486
161 140 457
507 217 329
545 968 786
110 770 904
357 927 673
638 557 801
39 702 903
371 303 956
705 71 972
8 596 113
400 843 267
469 493 207
381 423 741
510 347 793
476 598 914
888 82 280
678 564 259
234 277 395
914 821 54
409 794 409
295 309 378
333 105 525
128 477 785
191 712 236
905 728 306
137 468 759
576 659 835
998 288 705
560 774 489
990 560 984
646 402 668
779 817 139
965 507 965
830 490 513
822 616 341
400 381 252
973 257 346
118 800 553
321 984 162
949 302 621
491 506 851
354 367 316
9 189 490
493 881 595
958 25 537
376 357 650
647 350 426
166 736 717
394 753 523
870 279 580
574 954 660
292 724 634
149 129 506
646 289 612
165 542 421
290 70 517
934 403 654
911 341 958
157 930 915
960 137 966
373 183 949
162 200 968
771 66 539
445 469 188
34 571 681
697 404 250
849 932 433
809 102 353
259 856 176
187 54 658
846 42 334
849 724 547
946 447 41
947 619 501
168 71 900
56 912 157
378 662 552
717 238 343
761 735 195
146 907 831
913 109 139
250 837 639
923 172 704
68 378 985
124 466 396
715 187 272
458 674 347
714 118 977
451 101 106
103 6 273
698 785 1000
442 825 393
10 774 722
370 76 45
993 672 256
209 705 816
548 534 630
921 207 365
671 626 631
947 478 603
861 923 748
466 796 485
286 909 252
465 50 800
545 240 166
319 537 529
913 369 875
423 697 65
225 212 89
505 202 675
396 605 639
570 505 604
902 531 957
401 525 407
231 666 524
238 908 856
939 358 917
485 749 215
799 105 93
916 725 413
789 36 704
845 328 496
911 388 337
439 382 453
681 314 728
694 416 292
244 301 528
19 955 947
382 632 925
556 393 990
76 353 224
308 455 478
331 502 193
20 107 871
77 914 994
527 229 549
337 394 863
48 742 445
501 928 125
27 655 921
587 273 644
507 543 522
796 430 181
313 815 558
122 724 252
711 547 673
746 214 286
645 775 476
865 583 27
551 421 367
286 93 912
884 717 882
125 585 806
492 811 292
712 749 346
16 932 774
109 508 250
537 412 166
491 84 764
282 464 977
620 789 610
643 190 399
142 602 937
893 930 341
436 151 843
441 790 112
157 832 883
449 221 995
663 250 695
306 903 27
557 219 785
91 564 533
736 909 629
266 464 501
213 858 172
652 407 434
313 613 998
88 243 31
38 80 517
625 396 632
960 731 567
704 386 139
879 600 607
593 444 815
574 798 653
534 784 666
578 867 507
293 556 662
554 512 780
720 610 800
292 66 463
386 773 203
710 917 979
371 333 998
100 333 709
612 998 781
866 21 695
355 407 45
374 198 835
566 903 587
117 569 266
233 377 834
432 716 920
676 105 223
596 975 677
754 642 480
118 701 819
560 43 717
985 182 180
249 821 767
805 842 257
236 697 50
307 546 776
871 109 244
270 26 990
821 337 878
203 736 240
55 354 368
476 504 453
287 20 594
289 175 620
608 286 52
158 699 852
864 55 115
331 712 309
155 32 48
361 622 840
699 267 79
783 367 849
398 721 583
427 605 545
89 833 538
32 301 46
2 806 347
129 581 785
482 503 561
682 757 670
315 714 878
656 137 17
242 198 941
475 834 211
640 297 590
988 690 521
137 178 922
759 101 83
475 37 169
380 20 774
884 311 491
488 845 347
933 385 477
968 196 839
796 986 547
836 441 864
933 191 467
163 495 692
363 766 427
873 586 152
840 465 312
843 427 460
411 234 841
559 262 452
780 951 708
115 151 373
413 395 916
582 328 471
284 726 409
581 306 958
697 858 883
473 153 995
915 990 160
490 231 774
288 33 682
848 358 669
291 661 194
452 318 870
478 959 921
367 877 799
854 400 378
196 548 284
399 815 846
654 351 842
34 675 83
770 606 77
68 892 565
835 392 458
718 791 670
778 522 445
803 809 541
374 23 44
630 194 273
892 902 600
474 434 524
124 587 277
716 690 975
704 998 448
851 876 799
333 161 675
635 64 316
727 438 357
312 146 857
524 69 399
422 188 295
272 746 757
133 753 447
291 283 917
859 81 428
488 415 559
735 802 912
167 277 707
534 428 535
575 778 898
133 416 667
146 36 180
242 389 325
296 276 258
250 521 48
133 338 296
116 559 353
112 936 998
664 423 799
978 598 481
129 882 76
681 658 600
375 899 74
531 475 995
985 34 71
211 518 950
439 807 639
876 152 541
652 299 572
751 160 954
915 997 357
654 842 704
707 830 878
513 431 365
759 979 860
88 396 105
825 992 372
550 58 58
689 508 81
652 414 504
889 19 374
475 52 292
399 640 216
287 304 270
146 446 377
44 318 893
619 573 596
101 912 826
879 559 679
208 40 790
75 655 350
65 908 592
24 387 652
979 248 862
784 568 465
977 902 646
949 739 502
42 937 429
360 483 736
364 631 409
469 902 276
349 141 670
530 821 490
969 161 761
823 350 751
727 595 250
139 512 322
885 53 915
505 440 923
937 434 742
114 404 555
441 208 47
553 417 314
494 654 564
964 128 353
384 369 937
506 181 314
231 128 82
638 187 938
126 297 377
780 329 401
988 657 700
791 503 703
64 797 322
781 78 525
307 685 237
337 2 133
389 551 7
133 823 357
121 994 398
516 328 194
764 576 365
100 797 906
686 589 976
488 983 543
608 976 492
618 759 774
393 467 664
901 628 234
268 702 240
927 52 231
671 87 839
673 611 790
137 669 343
430 176 233
808 457 712
274 610 365
217 676 240
635 706 91
375 709 738
932 98 605
68 112 622
989 491 933
976 406 742
380 842 511
286 69 30
31 253 880
449 188 196
120 594 512
49 455 312
19 610 245
408 795 857
823 227 672
255 187 156
368 676 888
975 664 197
820 524 153
685 55 298
353 885 66
284 431 627
895 797 597
620 577 689
684 79 150
965 564 317
431 220 590
185 579 627
987 78 118
769 750 873
659 717 638
531 844 427
191 939 70
29 462 63
120 655 296
423 336 156
424 527 667
292 425 901
41 440 928
872 954 358
89 378 492
546 321 37
497 589 976
959 127 76
248 540 93
46 659 719
773 997 15
459 741 742
770 216 546
195 484 201
670 38 6
293 141 357
811 561 996
877 564 140
611 61 808
978 971 461
555 491 690
278 380 497
796 850 485
556 903 729
926 149 282
329 613 893
253 590 542
313 301 818
116 664 14
980 635 274
135 85 927
212 71 274
111 239 664
279 169 950
361 138 750
881 905 625
572 608 387
523 133 105
22 974 627
800 793 495
110 793 386
621 207 735
274 876 147
705 176 263
577 896 209
641 880 201
64 770 550
802 770 864
594 555 622
262 133 141
187 592 253
228 437 778
179 974 525
371 660 349
918 835 571
676 688 474
389 276 748
748 599 265
844 874 90
652 71 52
528 455 89
539 653 638
905 984 822
381 166 743
716 278 260
824 4 673
874 336 139
190 458 478
191 85 5
517 101 282
198 609 897
736 817 703
328 77 626
746 889 871
519 498 9
329 772 567
542 407 150
623 204 789
942 436 447
400 106 410
716 465 737
585 642 948
121 361 809
345 645 979
427 292 123
556 759 866
488 924 526
726 328 281
855 388 846
633 307 599
534 69 20
222 339 174
774 202 769
60 830 167
927 602 987
94 402 51
985 500 670
880 731 689
976 267 237
16 449 108
495 305 75
735 776 661
814 744 921
86 770 937
496 638 774
377 457 421
176 932 258
744 892 974
2 975 729
188 111 204
110 765 144
631 340 904
870 263 534
257 888 312
753 807 505
862 662 471
404 349 848
738 241 497
850 186 705
611 127 973
854 295 263
138 723 208
373 182 590
786 567 515
242 658 147
590 624 408
743 373 959
289 83 164
588 210 774
643 671 778
496 51 63
696 740 882
427 796 651
34 86 452
737 902 438
684 105 748
68 297 991
97 871 196
734 322 606
608 618 650
848 478 897
567 95 191
782 175 379
103 285 812
3 866 115
857 540 968
69 555 903
558 872 804
478 284 806
299 212 279
276 459 655
164 294 842
298 785 519
249 555 866
350 871 237
839 884 803
114 873 501
670 62 260
755 35 626
964 224 334
583 179 122
760 989 900
564 642 874
529 249 492
687 5 680
944 188 113
336 705 540
795 981 715
138 259 72
174 65 41
986 573 293
211 422 689
798 339 297
47 630 149
694 562 401
568 543 600
695 395 784
758 34 327
537 13 62
957 589 971
436 508 752
927 469 42
503 538 255
77 406 224
273 723 343
16 331 378
677 81 102
213 83 365
764 278 647
616 787 9
456 33 253
59 280 540
210 730 156
429 686 428
929 293 39
903 815 415
607 490 130
233 879 868
828 95 722
783 91 359
309 602 692
640 739 726
114 459 85
548 578 583
369 753 911
504 385 817
389 865 6
591 712 96
979 49 133
470 536 297
825 706 631
643 407 808
580 934 1000
966 927 830
661 770 414
606 618 597
603 220 857
944 444 937
363 446 962
478 518 128
369 340 218
786 741 510
828 616 262
634 543 828
178 289 574
576 289 228
211 36 217
549 456 419
664 712 319
674 194 829
17 348 218
357 259 622
178 225 767
737 194 351
797 535 620
994 987 680
963 20 653
679 490 388
983 638 476
987 633 790
647 845 216
605 740 710
125 933 824
127 684 18
83 528 819
857 907 444
909 580 748
337 57 746
948 66 358
485 290 623
270 473 791
725 315 96
897 689 21
277 155 376
585 910 411
3 627 794
487 631 161
424 872 542
848 958 564
822 538 5
871 546 112
13 43 818
776 154 784
37 968 186
722 485 934
57 68 201
218 349 457
588 242 580
58 607 76
949 601 239
355 568 558
577 705 705
490 469 689
164 490 231
300 766 770
700 744 358
532 333 149
510 838 487
31 106 368
208 585 617
833 984 868
596 219 747
408 403 520
541 987 338
689 205 553
715 399 475
389 109 20
705 761 177
836 734 555
676 677 191
432 712 129
845 965 631
380 792 339
619 925 532
156 724 562
566 962 555
946 717 561
379 827 618
382 187 698
262 768 671
992 357 32
307 278 256
145 884 337
735 555 175
840 446 868
458 300 783
739 473 544
884 650 828
796 346 129
303 618 430
907 375 336
255 299 445
143 690 196
109 25 472
926 6 428
942 39 887
542 976 733
37 511 520
625 597 188
438 115 272
969 788 570
701 381 826
425 100 697
138 375 75
489 752 805
665 569 302
904 925 7
321 708 393
176 617 895
239 849 552
301 162 964
610 218 250
719 68 747
831 537 70
268 274 573
65 954 935
6 389 38
559 639 482
198 75 659
750 639 163
967 517 808
856 220 191
768 771 757
115 520 314
219 848 699
849 158 620
593 895 86
102 62 586
964 244 39
923 635 697
381 260 150
747 351 94
513 603 862
60 652 914
55 599 168
204 714 939
578 336 417
632 204 474
489 810 464
29 809 770
724 112 249
750 859 924
25 398 830
525 141 404
188 739 493
355 975 310
666 953 336
206 995 911
851 599 568
979 844 341
660 972 646
821 981 966
180 357 256
981 724 361
842 674 360
491 50 533
647 971 559
466 521 79
809 976 293
843 337 806
147 512 633
889 872 3
858 381 330
248 335 404
718 395 507
624 746 539
159 776 184
295 258 711
561 440 236
114 937 382
462 480 407
858 775 915
615 959 142
954 605 433
63 474 969
48 243 583
374 514 791
414 985 617
840 616 420
152 49 855
659 646 150
840 449 877
213 698 362
248 56 376
439 964 176
866 580 225
914 805 391
463 155 539
112 826 422
691 670 904
648 251 629
227 22 309
313 990 368
918 416 903
204 548 880
43 618 889
146 384 856
943 923 891
47 716 955
34 447 248
876 841 637
300 837 821
552 736 741
515 90 682
93 651 132
861 310 759
99 252 798
5 992 726
859 599 702
110 903 750
555 446 346
488 182 889
909 667 313
361 965 643
346 48 808
405 167 870
92 231 683
535 467 503
117 264 673
109 785 467
317 484 286
99 384 677
449 459 124
493 686 341
623 8 62
999 937 658
588 82 637
914 569 880
211 631 233
143 895 146
682 51 426
545 537 424
952 733 893
238 278 839
401 765 29
986 869 885
322 7 444
287 816 852
622 129 758
679 670 855
60 257 297
843 65 183
818 137 775
240 98 432
622 945 918
695 399 903
787 449 392
888 318 486
381 766 909
69 29 232
111 245 382
333 479 994
189 129 507
829 726 723
217 912 139
696 305 988
925 93 108
42 710 825
872 263 891
338 447 519
715 719 933
380 656 4
771 884 876
114 576 171
415 85 857
114 536 144
543 79 977
518 367 792
196 962 21
420 18 897
844 528 768
959 650 82
381 436 621
734 399 91
270 949 732
112 620 159
124 341 843
568 680 342
396 66 685
251 8 848
466 851 805
840 269 488
640 248 113
432 525 180
164 324 18
173 651 263
950 590 244
609 633 188
509 147 825
23 804 557
235 223 980
988 708 105
208 977 94
410 87 256
263 686 154
665 538 412
974 176 898
156 348 517
603 748 614
417 481 180
196 221 16
597 357 2
772 585 660
49 473 450
481 262 142
829 679 969
633 297 310
689 876 164
318 150 580
337 296 878
535 1 44
648 170 658
489 981 550
607 82 239
628 546 364
100 904 661
920 879 752
334 159 766
776 495 300
660 280 375
439 926 549
891 880 153
124 254 244
191 773 332
409 598 124
147 996 968
134 32 865
341 965 715
565 674 424
92 162 439
584 845 956
227 643 980
110 723 510
598 658 599
811 483 140
389 796 141
15 422 688
524 720 218
80 70 131
410 520 546
186 796 946
749 690 418
667 97 599
508 509 827
512 260 398
695 373 123
417 855 904
443 13 993
477 225 117
964 779 177
40 676 374
875 175 398
678 955 818
507 509 106
537 250 4
717 879 472
293 69 417
193 711 242
857 270 480
534 387 966
86 603 909
96 141 910
924 430 375
592 335 690
866 414 171
842 913 371
795 828 958
597 934 967
349 796 348
3 719 81
852 141 793
309 393 191
915 798 409
121 692 870
826 907 789
907 534 215
113 591 844
396 898 924
711 528 333
764 693 118
637 992 692
188 521 598
536 306 340
321 809 757
979 145 326
893 333 210
832 642 337
946 977 312
931 549 972
449 909 154
181 920 998
426 442 305
161 3 104
438 687 28
476 110 268
523 341 308
222 162 379
241 77 848
501 852 794
600 744 654
765 661 539
716 166 911
63 330 528
119 894 983
449 473 379
1000 567 446
445 993 480
218 985 110
876 52 879
35 630 608
87 223 387
412 343 141
845 222 497
694 281 628
907 265 279
236 845 169
783 620 749
81 201 34
576 245 813
733 205 910
879 570 461
410 913 53
556 178 820
589 459 576
68 228 948
933 943 774
213 145 51
302 843 550
303 278 827
91 32 951
634 779 294
871 623 938
711 316 237
138 377 306
289 378 428
135 517 899
481 108 525
1 403 247
308 135 280
559 902 592
810 633 958
135 665 313
403 94 827
307 256 364
496 458 52
113 306 925
146 640 731
647 760 753
874 564 445
206 303 207
121 785 874
20 395 954
8 894 135
313 586 71
668 349 521
618 168 944
176 4 33
358 882 91
379 658 712
697 112 209
498 497 906
833 371 425
536 163 861
220 178 377
365 404 141
196 219 788
303 660 515
188 732 101
523 994 177
835 382 567
890 225 173
345 480 726
294 941 521
328 976 15
632 485 869
302 348 894
328 239 775
126 829 477
437 539 839
239 538 521
926 937 578
574 490 931
39 497 852
594 725 29
304 664 378
200 246 423
516 82 543
993 358 565
453 936 595
251 19 96
972 507 847
593 214 781
441 545 931
504 835 599
87 488 946
219 8 889
763 903 53
452 538 39
850 855 470
645 320 786
247 840 681
733 855 613
258 268 502
16 218 304
210 528 551
405 589 91
121 310 533
450 823 870
257 899 15
717 65 392
107 506 353
915 19 135
228 718 198
887 355 758
706 463 5
543 651 73
268 85 202
263 776 990
647 125 405
335 533 406
619 844 217
664 446 915
95 283 615
710 631 744
789 649 784
516 552 631
773 723 618
483 149 218
892 731 752
731 157 390
679 739 953
523 527 744
308 278 387
364 987 749
85 748 299
155 191 642
57 929 937
972 687 875
829 512 710
217 817 417
230 112 246
876 906 664
879 689 181
922 751 572
212 101 960
781 32 936
949 844 194
784 297 678
847 348 387
984 879 987
849 149 608
41 518 426
51 485 162
529 120 94
209 622 976
737 310 899
594 321 932
627 737 277
801 832 941
487 99 131
941 250 203
559 138 144
909 230 303
175 495 483
377 703 973
297 188 22
335 478 551
714 605 296
507 979 935
680 850 211
277 964 311
740 597 157
904 904 446
564 130 800
545 275 837
841 875 911
939 68 915
513 759 521
449 607 212
392 796 659
286 657 393
960 154 144
353 614 461
771 45 215
84 108 539
587 456 277
483 408 880
545 392 509
392 380 354
219 548 611
661 612 352
756 149 368
327 880 826
430 943 817
21 614 277
628 254 949
537 875 129
567 79 302
521 181 80
143 378 968
266 518 580
175 679 48
792 269 593
59 274 212
559 455 35
120 741 291
260 334 280
540 870 892
931 729 733
275 396 923
158 430 663
174 508 429
842 19 357
594 384 516
885 656 9
518 717 392
609 683 314
674 517 256
91 96 891
568 753 492
771 190 451
618 667 911
591 66 84
386 774 72
360 434 406
710 258 2
362 851 835
459 612 921
52 186 408
798 914 677
765 679 479
233 307 920
537 794 202
594 359 714
208 690 936
343 930 946
744 532 724
296 831 967
801 605 519
667 974 43
685 350 494
657 648 553
719 748 527
128 195 635
847 455 166
335 290 94
148 809 287
985 762 574
813 289 646
915 577 361
308 716 160
842 867 127
628 351 671
518 149 350
926 645 972
510 532 446
350 190 79
575 824 9
511 314 602
884 313 713
535 931 209
613 401 839
237 549 629
416 549 311
585 757 988
110 314 308
242 99 256
985 6 778
270 396 445
321 840 47
729 14 713
999 950 682
432 995 166
308 184 715
272 92 597
372 35 491
496 107 245
323 468 77
327 849 178
371 544 413
514 239 221
480 544 936
838 147 458
178 665 577
300 192 874
858 29 974
544 591 302
649 448 620
1000 130 964
237 14 658
165 684 699
779 90 422
819 48 368
297 95 963
132 452 181
659 273 912
175 543 668
724 438 503
490 263 879
259 233 835
804 10 722
411 913 793
753 551 703
108 4 240
658 840 17
12 336 981
576 544 141
119 29 105
315 830 192
405 868 455
279 930 916
197 586 261
696 808 60
91 420 75
363 386 610
432 381 477
106 546 160
78 930 821
813 738 397
279 333 703
802 190 643
581 86 187
443 707 275
864 932 460
780 14 91
483 109 384
487 924 268
753 844 952
753 345 309
657 995 550
729 85 748
999 881 511
327 825 704
133 785 538
322 655 811
845 861 861
731 668 114
754 898 995
739 908 439
184 579 856
949 73 51
857 501 217
230 879 603
154 836 765
432 712 402
103 452 658
489 72 626
32 537 599
941 371 626
850 607 289
862 565 743
962 277 927
843 779 99
915 466 819
394 818 637
596 16 632
508 479 723
236 85 784
832 60 760
521 295 735
393 769 4
628 843 58
773 771 144
499 120 324
824 832 281
527 986 744
157 126 733
206 957 712
656 336 684
465 415 121
43 669 826
283 540 594
439 162 472
728 554 732
276 722 785
559 414 936
800 838 267
856 324 214
470 900 846
908 864 201
235 98 940
683 698 16
324 457 283
122 501 612
186 608 592
116 35 823
705 717 830
569 294 795
494 541 128
406 724 861
975 667 857
715 87 212
894 612 70
948 989 202
843 435 502
517 751 992
619 506 664
514 137 878
572 617 23
108 126 29
386 555 352
325 328 89
350 702 593
447 116 8
939 392 687
83 954 811
174 804 309
339 234 6
839 534 375
237 778 133
792 250 542
826 309 278
744 329 792
483 161 510
512 954 643
430 27 852
495 582 838
166 932 184
433 674 497
432 453 168
465 432 33
838 940 91
866 288 150
897 183 667
330 327 137
269 559 497
780 468 471
404 947 419
875 207 722
952 333 999
718 434 676
642 228 999
352 181 8
802 223 9
511 256 799
592 564 355
421 364 364
804 517 924
243 638 205
437 307 373
471 483 752
651 113 842
955 933 596
392 817 246
611 389 220
687 77 278
396 637 857
118 733 708
750 669 674
621 312 55
256 117 431
87 483 983
264 358 883
368 949 545
467 129 108
598 111 813
294 208 516
667 489 240
421 577 801
891 447 352
865 862 197
620 179 328
83 115 465
944 68 739
400 741 924
543 781 365
804 391 956
664 384 606
617 311 770
448 946 717
360 347 67
358 467 315
93 611 915
204 458 851
166 603 740
47 983 661
961 189 233
608 997 130
399 592 943
79 373 370
720 745 413
44 210 727
394 359 804
732 778 403
415 9 815
161 329 489
785 791 661
369 382 670
325 631 978
133 69 836
599 550 553
224 706 443
187 842 704
585 751 117
453 273 47
507 617 416
381 388 496
838 896 508
133 508 786
878 468 742
145 725 538
364 170 86
374 253 878
360 420 275
8 997 455
507 682 571
172 489 598
23 26 625
280 134 487
233 102 271
940 810 205
610 910 559
756 102 569
404 248 270
896 214 593
740 528 368
15 566 41
85 944 776
456 342 215
134 857 269
810 768 304
91 661 858
908 932 171
815 540 512
83 804 2
703 25 707
998 862 804
255 283 396
937 291 475
406 39 864
50 22 784
148 497 995
737 622 633
509 906 400
428 207 228
246 652 768
528 269 334
442 807 571
428 287 117
24 272 935
895 58 304
451 377 840
730 588 488
844 363 80
412 8 920
731 908 740
778 889 785
204 339 165
603 943 482
597 609 758
727 857 849
953 501 47
563 318 357
866 49 486
151 585 842
752 783 420
846 849 798
108 46 335
997 637 243
148 778 981
976 87 15
1000 951 31
643 994 935
404 538 779
475 492 252
119 428 317
109 371 616
381 234 78
528 540 479
619 987 119
758 615 421
108 387 219
732 25 18
816 569 494
883 173 32
1 692 158
171 679 423
423 664 853
717 987 830
798 816 444
828 873 556
82 419 507
146 602 336
70 858 137
340 548 146
850 612 942
545 387 665
276 153 824
291 383 484
406 718 54
807 935 790
567 816 495
425 388 371
728 87 896
338 729 353
327 75 914
759 645 496
955 321 408
497 695 306
635 932 302
360 373 503
279 100 376
694 800 856
339 515 722
711 678 80
305 64 922
699 496 678
755 917 485
212 123 618
341 76 857
9 560 919
41 265 194
198 981 491
407 348 20
492 333 603
731 9 588
641 775 623
491 547 460
571 214 425
186 630 954
497 588 682
269 382 724
214 559 152
740 980 728
43 202 469
986 364 516
174 161 936
607 917 828
355 632 2
127 666 874
287 624 649
165 46 916
921 14 343
483 603 117
156 56 57
452 10 618
622 238 976
712 72 346
118 903 103
739 988 245
195 882 645
386 947 52
167 131 855
893 557 309
288 31 250
477 202 459
352 168 150
388 855 352
979 69 96
271 385 588
504 641 313
925 86 244
135 515 445
711 767 436
751 470 842
93 291 998
349 253 379
224 551 85
167 386 722
610 827 929
362 251 322
804 334 198
1000 990 146
671 979 699
311 626 48
434 391 69
66 816 579
226 905 942
89 367 824
785 408 689
295 636 563
335 967 510
836 943 159
237 885 567
457 718 648
219 203 393
55 33 607
426 862 641
568 582 340
305 202 394
809 476 510
100 57 910
419 819 141
910 60 523
466 768 333
433 693 454
275 880 504
787 368 103
334 556 55
844 391 997
284 824 170
157 911 9
560 27 603
427 298 788
824 231 314
315 447 746
862 303 517
484 165 347
65 382 757
695 744 955
684 971 66
841 625 913
114 258 827
457 429 879
149 318 884
820 857 675
765 58 204
493 362 844
46 715 736
198 259 350
209 355 806
459 131 249
971 957 902
472 536 120
347 906 279
361 174 699
506 292 917
305 347 711
636 604 639
621 95 426
323 94 876
244 413 271
275 44 617
263 18 802
915 964 462
851 364 584
666 717 397
347 532 470
301 151 738
756 820 292
462 216 61
107 764 77
21 920 321
884 181 324
609 477 154
917 600 693
138 366 524
846 738 639
497 631 510
394 20 145
102 625 398
606 262 381
400 632 668
267 693 58
352 748 225
86 223 627
581 201 666
348 800 989
293 859 720
858 534 859
137 832 736
612 552 693
527 827 393
453 935 280
577 394 7
70 303 25
252 296 599
556 956 813
684 854 852
295 765 258
867 186 980
66 511 651
334 474 27
531 900 633
904 517 833
337 450 989
304 739 490
668 861 633
672 849 130
682 864 659
446 615 801
929 599 225
285 690 189
225 765 663
470 978 749
563 653 494
127 515 668
29 556 733
46 486 391
510 165 338
283 274 996
466 856 562
51 50 651
919 857 161
154 395 552
851 534 455
916 79 263
845 342 646
398 539 810
369 443 711
614 846 621
736 619 910
76 509 407
696 126 990
25 384 901
46 362 836
350 750 43
455 64 741
128 771 699
81 850 135
449 160 51
270 300 239
814 669 251
74 826 764
622 867 752
522 393 638
667 715 141
641 331 655
92 796 438
598 762 838
11 326 962
734 632 18
781 643 75
967 502 316
785 565 545
245 335 659
34 184 524
828 153 801
847 930 643
608 378 311
927 325 346
513 857 188
195 140 965
973 460 628
670 176 586
704 68 585
2 624 842
539 550 491
318 774 415
961 189 93
192 22 34
764 774 258
86 280 30
12 128 759
225 210 987
551 516 565
22 171 669
24 568 803
322 322 818
288 510 428
1000 259 68
795 907 990
235 673 50
292 889 828
336 272 458
838 984 658
891 108 50
142 592 127
749 586 242
170 835 957
984 641 908
950 893 984
234 260 312
293 773 379
428 22 514
896 57 705
977 593 478
292 110 917
209 800 151
261 774 92
292 965 495
942 226 428
397 186 154
430 639 603
726 25 603
87 312 611
596 199 978
915 753 513
458 962 221
867 656 988
345 856 864
33 453 353
683 532 114
493 317 203
459 986 727
746 985 330
994 592 411
285 419 499
499 986 448
626 958 423
246 721 254
788 939 499
580 102 987
169 344 534
280 903 481
805 818 806
320 214 318
53 247 319
212 519 698
55 462 704
497 586 395
699 765 967
51 13 386
996 941 377
940 279 958
366 190 734
663 762 981
503 543 907
580 245 598
334 317 415
310 309 359
189 593 341
660 635 817
546 752 730
275 316 53
332 857 222
500 266 833
345 640 742
208 280 767
237 109 192
412 778 230
141 187 841
305 365 897
57 340 155
781 14 761
696 713 331
141 943 377
331 163 590
658 557 463
916 886 14
360 493 663
607 32 961
670 504 471
425 343 63
727 245 375
740 271 510
989 130 913
941 287 516
331 855 318
115 600 862
230 837 459
492 783 536
934 337 644
224 114 165
193 78 163
774 61 170
776 264 427
214 353 660
428 804 422
756 226 374
321 651 179
988 289 332
245 91 382
685 366 827
2 436 447
835 403 145
250 586 938
461 931 624
226 589 620
625 557 697
196 243 191
413 260 208
94 867 900
793 348 239
438 975 822
583 487 843
32 997 624
786 727 753
942 869 619
492 800 144
729 68 995
537 314 804
838 674 730
212 904 23
657 320 782
800 381 974
948 937 145
779 428 228
245 548 518
446 51 915
762 962 500
723 446 660
19 741 246
567 559 451
261 880 530
709 572 332
830 414 9
277 791 673
839 750 510
124 621 623
313 876 320
282 153 677
82 914 467
700 41 390
943 788 732
566 286 480
65 243 569
367 933 604
901 765 368
757 504 275
724 80 17
601 785 176
505 932 941
397 783 280
176 899 399
135 219 760
138 713 249
40 888 945
763 834 778
461 898 258
864 935 575
559 636 281
456 925 518
937 490 342
918 743 694
562 539 340
598 449 536
522 284 994
648 360 654
60 955 476
330 367 876
475 840 798
797 14 884
857 501 893
331 981 674
734 726 35
705 872 927
813 704 900
821 232 636
836 236 780
725 581 670
338 82 765
811 109 805
842 808 634
265 415 429
662 270 697
349 135 812
189 337 154
859 607 673
741 723 357
627 38 147
212 405 858
359 969 946
360 667 952
445 722 655
897 299 226
877 857 347
111 576 739
883 468 818
443 38 34
868 166 274
262 329 351
57 663 547
382 330 124
919 82 283
304 443 145
24 541 666
140 65 168
834 891 912
899 650 44
334 891 466
43 809 57
73 958 750
870 862 521
292 38 797
779 576 130
529 945 948
957 233 547
806 234 998
915 49 810
790 914 480
719 372 611
769 229 982
585 43 637
927 773 840
628 116 310
19 803 507
970 733 993
299 937 19
241 777 649
389 704 436
918 805 336
380 690 285
547 93 178
914 275 950
543 149 944
184 981 551
46 539 107
902 575 212
383 726 285
678 285 329
955 719 856
89 702 640
824 181 863
855 684 769
264 404 620
444 108 466
736 27 905
635 641 237
810 989 253
379 413 90
6 979 725
363 111 666
361 503 707
957 504 575
787 670 441
930 731 740
17 618 434
207 666 487
492 167 202
975 806 813
653 358 713
781 197 914
410 892 978
536 748 818
46 871 296
887 973 677
162 898 221
663 78 345
138 817 783
57 652 625
920 141 834
111 911 737
630 603 622
882 233 21
957 947 720
903 101 4
56 474 478
640 873 512
537 564 119
377 706 630
820 401 850
895 954 633
806 373 3
77 60 163
619 166 828
944 284 328
865 552 471
53 478 866
923 459 549
976 989 795
853 428 425
674 266 681
730 190 410
646 466 584
446 29 238
256 267 617
433 113 685
28 576 232
171 987 620
894 521 328
326 210 584
862 433 102
441 93 651
534 704 479
656 584 481
130 532 48
565 941 806
320 583 88
911 17 469
746 872 706
588 861 629
594 795 658
809 412 31
513 555 29
600 171 514
178 442 477
236 686 239
185 357 610
9 310 165
469 791 905
361 269 792
638 26 843
375 922 187
26 89 636
479 865 123
98 826 178
995 775 163
824 784 850
928 769 65
880 977 612
437 162 349
644 267 797
371 360 472
270 127 311
72 455 66
390 983 634
473 658 15
478 975 479
425 404 614
803 479 857
825 859 943
10 46 543
806 479 554
847 312 505
116 428 203
154 275 477
18 601 991
738 445 499
283 217 119
594 682 390
401 148 748
603 832 754
809 943 221
743 710 951
198 7 616
522 287 221
159 523 209
364 314 329
966 963 857
937 506 258
290 338 495
922 936 927
123 306 629
15 345 573
453 809 387
301 904 775
623 378 460
442 341 164
560 468 519
372 55 643
634 861 734
534 377 297
724 819 979
208 520 203
914 97 792
689 823 227
710 631 594
913 71 588
811 323 874
339 311 713
429 817 517
176 622 623
819 295 648
645 763 431
10 683 357
451 105 83
643 805 265
554 215 588
573 377 33
699 775 500
992 957 472
749 910 170
748 954 417
542 48 671
664 816 221
850 480 45
819 657 1000
468 494 240
238 392 779
946 502 764
24 179 341
773 134 801
846 348 331
644 980 767
29 654 811
126 502 458
321 633 543
907 871 620
958 634 7
782 989 773
704 322 669
801 17 71
58 837 998
590 625 685
433 879 950
344 951 453
301 836 432
332 136 870
961 211 623
194 318 464
494 954 165
256 654 830
796 651 328
973 476 253
772 871 633
443 168 913
815 137 296
234 91 716
351 901 782
826 614 75
749 19 945
39 561 824
409 896 450
833 52 840
79 405 410
667 127 799
506 482 346
29 726 70
445 688 161
180 835 66
570 358 940
989 281 632
749 369 590
145 163 405
328 29 304
730 859 641
345 926 501
773 196 606
878 813 249
513 628 702
947 843 142
527 884 654
414 533 972
14 391 493
161 628 717
831 792 588
309 96 738
362 510 61
542 195 365
550 159 546
517 57 430
489 3 272
926 518 995
59 641 698
676 729 681
610 600 567
679 627 394
879 450 995
22 774 501
802 739 835
535 918 663
13 426 538
130 6 399
796 807 471
875 317 909
657 874 402
789 533 738
292 962 525
154 963 723
672 616 748
505 435 890
64 445 643
701 669 824
11 682 389
746 934 87
794 448 302
894 471 411
800 779 615
366 166 116
486 748 67
879 687 767
194 98 421
113 417 98
978 891 669
452 375 486
381 62 972
657 673 106
747 622 271
781 87 885
200 751 57
85 712 8
705 958 862
849 820 169
288 593 717
1 640 905
28 250 642
509 870 722
513 944 978
577 430 165
926 285 797
144 867 649
330 601 676
852 317 298
873 543 993
383 939 18
380 479 625
119 836 895
737 467 154
280 562 249
168 51 14
926 491 224
604 532 806
734 587 37
774 298 298
292 993 224
824 57 856
442 492 795
871 749 73
896 697 540
53 655 484
944 944 812
568 860 98
74 73 405
217 265 683
523 999 952
343 605 661
462 855 438
29 64 245
891 518 130
705 664 405
636 610 705
724 475 185
175 52 853
884 874 824
136 417 994
920 57 348
582 937 420
965 9 594
585 885 379
343 66 461
534 793 640
999 815 215
705 567 492
871 992 850
31 284 495
378 121 413
473 220 188
391 697 25
497 541 190
877 544 284
296 956 767
503 1 215
881 848 727
403 616 82
854 176 188
917 628 278
925 927 51
755 732 783
78 67 96
313 667 829
663 1 918
196 234 288
847 665 450
115 715 937
712 697 91
366 25 14
697 598 126
729 105 692
598 856 942
480 412 293
593 702 523
278 616 773
691 760 863
872 615 264
694 4 830
637 388 327
320 905 167
229 777 906
264 491 866
457 272 993
955 121 809
948 271 425
733 138 17
612 555 650
279 454 603
195 723 152
987 457 92
727 205 89
503 724 612
860 16 710
386 908 811
119 740 29
142 796 543
234 598 656
821 763 531
648 568 253
160 266 6
184 990 4
835 218 599
920 868 371
371 492 942
64 704 31
458 331 520
696 990 620
530 282 23
554 948 764
746 388 873
219 955 127
868 167 822
21 713 106
350 494 359
555 677 362
494 187 871
162 489 834
804 758 670
816 591 63
967 798 113
5 340 658
688 746 862
413 655 658
677 122 757
18 832 454
210 719 211
990 549 963
593 525 185
986 899 314
540 1 869
161 7 893
190 935 602
911 656 393
331 11 225
842 398 627
159 144 275
927 100 66
469 153 629
43 410 439
979 155 979
702 73 843
94 601 666
562 871 493
527 700 340
20 941 548
145 388 237
804 694 203
48 589 615
225 523 508
686 823 426
157 669 626
829 345 854
5 604 234
372 399 653
983 689 981
628 361 448
49 698 894
663 319 700
8 138 678
471 910 891
199 672 533
555 116 14
355 156 959
182 253 992
529 23 721
196 547 626
444 622 608
703 318 603
621 971 462
546 837 425
448 662 203
113 935 127
451 371 657
357 993 901
154 703 149
935 823 647
232 462 663
874 557 128
799 69 504
822 790 715
714 856 429
936 437 188
8 526 248
382 98 360
332 465 207
788 469 922
685 895 460
683 452 850
723 791 4
334 158 296
371 65 918
535 367 275
126 652 953
912 964 742
14 926 16
125 953 565
877 473 752
604 647 356
147 711 971
408 904 185
142 18 117
51 598 209
219 400 92
84 745 445
871 664 781
289 177 424
822 525 73
43 1 372
884 516 382
539 716 941
797 543 382
689 674 776
682 996 287
948 805 106
602 119 379
896 803 555
745 3 847
580 575 877
536 816 365
893 340 548
766 328 496
896 850 474
13 727 237
211 81 771
732 640 902
550 537 735
781 169 626
516 240 568
876 504 823
102 120 105
181 201 631
918 505 178
500 508 481
820 951 309
220 320 180
327 575 680
442 236 409
959 261 137
57 818 499
487 532 283
796 637 536
881 628 180
714 328 668
407 211 214
714 431 146
237 134 51
583 165 960
98 366 612
21 133 449
751 948 135
95 255 749
544 956 219
752 660 145
985 896 62
699 408 664
717 543 49
302 523 872
245 39 643
979 303 449
794 795 155
172 850 715
637 516 166
641 87 561
79 143 774
572 100 636
413 777 702
638 638 255
385 803 490
775 605 163
501 433 496
796 55 525
126 579 758
538 95 127
737 443 941
381 912 820
553 552 792
63 745 810
545 44 741
605 285 35
628 935 724
725 243 148
171 787 182
697 103 87
872 310 470
289 82 515
920 867 313
764 200 40
401 562 397
173 243 582
431 387 605
670 6 160
191 194 503
439 384 654
73 701 148
333 507 572
848 431 945
565 397 582
150 943 995
276 884 78
19 841 519
304 567 100
703 87 219
939 721 16
744 251 760
62 293 345
652 656 614
721 273 184
458 580 888
965 31 273
150 486 250
6 807 355
942 322 114
957 835 925
376 31 238
547 781 46
768 806 707
372 1000 755
870 10 414
37 142 602
44 762 498
748 717 277
477 101 166
635 500 990
71 971 667
977 90 293
33 872 298
404 153 956
377 296 234
156 693 448
13 32 575
2 63 289
694 990 137
531 645 15
170 334 525
122 755 189
834 877 496
944 105 236
897 784 645
662 797 188
221 951 571
904 680 888
904 417 579
955 613 365
609 204 638
142 770 23
401 557 614
968 628 882
93 458 845
742 755 840
462 192 686
719 996 659
990 272 647
675 284 603
876 591 891
659 522 34
907 878 1
707 353 738
995 372 722
166 727 44
454 812 941
860 882 427
563 488 427
959 336 957
379 100 639
673 979 851
682 215 235
482 585 79
228 370 537
666 386 78
462 302 251
36 632 400
397 747 263
33 58 908
736 1000 450
945 760 545
398 311 842
920 199 694
129 169 994
821 267 562
145 927 194
448 547 53
461 958 838
486 175 613
880 728 99
568 491 252
356 646 480
494 113 478
908 834 195
817 522 373
317 272 714
544 719 621
713 312 147
724 654 970
500 490 375
636 445 54
535 334 427
959 660 652
224 257 111
987 206 575
220 535 898
447 306 784
865 518 198
78 95 336
820 665 63
594 993 149
783 303 953
830 886 371
818 615 544
737 57 151
425 735 27
745 981 195
930 544 868
968 969 952
494 94 682
114 277 405
655 157 363
747 448 912
877 385 775
471 283 473
883 589 221
868 232 301
285 323 566
507 683 734
575 719 868
445 328 53
379 962 815
752 257 297
823 620 931
630 192 32
504 722 695
751 620 538
487 342 65
316 851 377
840 982 185
764 103 298
590 39 729
575 744 272
556 108 276
162 265 40
213 706 166
545 248 426
846 347 509
194 22 938
687 648 987
910 289 155
128 773 599
14 492 762
710 991 406
855 780 895
251 352 430
527 371 205
459 38 480
941 490 56
975 661 972
387 117 836
420 295 846
67 211 670
182 471 695
879 902 278
73 433 978
28 494 901
143 856 781
183 694 545
462 846 277
158 263 471
552 752 159
18 976 829
223 254 66
509 555 27
717 822 386
916 453 503
785 710 816
532 913 742
717 997 385
242 102 717
692 217 957
789 841 763
844 504 668
597 414 404
712 362 262
456 332 824
996 31 423
128 160 87
487 363 866
327 608 229
409 62 586
371 882 750
116 496 682
123 430 257
101 819 67
327 559 34
469 985 141
968 891 396
774 930 832
872 491 693
813 780 168
231 817 196
394 994 899
861 155 453
614 199 173
821 262 426
210 520 156
339 664 809
352 919 784
693 420 871
951 516 870
499 418 69
792 100 927
698 486 37
765 842 16
81 120 145
73 860 186
123 251 867
45 90 805
668 311 345
125 947 653
264 273 708
710 687 284
532 35 534
701 730 955
665 783 263
383 985 318
50 900 212
473 123 855
596 259 510
174 853 88
337 117 900
77 248 792
897 570 102
586 924 614
549 960 148
207 478 753
90 995 308
910 612 800
834 359 691
35 6 146
634 708 312
159 306 302
188 170 960
447 155 66
325 293 859
686 39 136
892 191 628
837 315 349
939 437 148
198 846 240
133 493 557
372 785 394
649 815 96
230 689 720
851 735 991
516 283 275
372 259 242
838 381 207
738 991 802
821 816 748
491 480 120
332 562 200
549 901 984
544 143 423
515 962 517
866 624 716
345 135 146
821 284 662
670 808 715
451 566 209
525 661 250
384 251 328
90 296 741
473 510 886
887 869 48
844 209 325
791 591 915
881 142 681
771 578 905
980 764 958
163 715 160
995 734 254
629 450 894
814 436 466
537 812 211
177 993 225
325 247 354
483 580 254
483 399 749
905 13 12
949 461 701
485 42 976
518 443 359
169 17 908
915 270 772
306 967 465
276 966 409
473 180 38
196 881 865
230 436 950
499 404 988
193 258 706
286 591 489
167 439 970
119 536 352
840 419 896
953 216 269
30 323 526
586 334 487
810 297 642
311 151 842
964 651 748
359 246 196
205 487 474
903 898 584
810 412 332
808 857 225
629 451 51
879 119 469
56 126 944
246 109 296
765 696 65
650 785 257
768 549 317
503 871 187
889 868 969
138 170 564
342 494 274
45 110 104
177 165 524
796 641 380
188 499 628
889 753 670
567 940 748
80 688 55
915 346 552
815 642 827
775 916 239
773 15 322
741 597 507
651 630 957
334 992 450
333 871 875
626 29 617
809 341 972
848 210 74
770 151 340
443 673 861
13 678 660
682 742 162
140 684 607
250 236 894
934 852 503
589 954 636
956 426 473
818 942 308
840 268 493
523 346 306
482 889 915
583 80 370
540 267 417
441 687 11
949 104 972
317 289 151
72 65 854
925 735 222
892 93 338
884 684 26
760 954 346
263 622 639
936 668 968
209 404 652
812 129 709
518 203 90
406 876 299
522 172 794
676 311 211
271 992 223
380 189 796
429 574 2
301 78 262
950 218 127
646 874 490
671 191 598
211 881 546
967 225 262
914 981 318
716 850 89
591 723 635
45 909 514
459 719 195
855 276 660
658 296 690
302 654 888
409 716 601
863 292 450
429 419 12
103 244 610
854 202 875
210 783 119
918 634 410
314 78 112
479 431 215
241 409 530
834 144 699
348 706 654
245 947 730
116 877 325
847 110 302
889 765 123
113 200 966
100 42 969
654 535 549
341 963 775
547 943 131
172 135 519
578 247 595
902 4 703
89 316 412
818 583 187
802 451 56
806 384 262
899 135 771
915 419 649
623 890 66
456 465 825
40 617 544
980 349 296
365 14 339
882 95 206
567 267 844
685 811 402
374 449 60
776 223 807
439 943 617
118 563 635
517 202 358
362 708 765
515 854 63
995 885 260
34 631 328
154 406 109
180 686 100
448 172 210
137 746 476
844 463 18
654 306 858
517 115 119
247 653 71
17 625 949
410 501 946
144 937 996
892 2 413
303 872 895
201 926 2
357 130 997
747 440 714
583 744 289
102 7 530
615 712 738
312 502 230
632 108 992
684 946 794
884 397 583
531 412 730
589 969 902
758 169 583
130 440 559
403 17 665
711 394 518
989 157 809
753 432 911
671 60 610
418 308 705
209 341 511
833 47 102
559 763 230
158 694 552
882 960 924
921 314 116
107 530 789
451 157 355
184 647 708
393 706 667
603 768 399
805 805 3
25 830 578
78 449 554
764 428 458
772 3 477
321 640 976
96 259 50
615 897 876
254 142 35
942 47 872
174 60 923
590 107 530
973 907 525
681 179 364
659 112 868
544 794 669
475 662 786
554 35 874
581 181 959
832 570 96
26 716 352
32 387 317
869 777 443
463 930 218
140 8 339
254 82 871
579 394 840
303 575 410
335 343 906
565 870 830
475 113 458
581 14 670
681 504 250
170 532 450
42 999 639
943 826 723
968 910 173
376 737 257
77 371 987
412 438 272
921 650 999
933 571 252
744 862 853
849 130 901
597 958 449
333 848 504
267 528 808
698 525 639
193 781 170
146 845 554
209 72 563
492 25 28
75 528 574
105 781 442
306 546 599
635 826 71
774 100 445
974 21 478
88 427 893
449 338 996
991 599 880
424 2 492
486 517 411
717 311 331
61 412 859
355 896 833
615 655 169
88 285 83
623 933 370
3 569 654
553 602 931
428 2 914
302 996 777
902 726 811
979 119 509
73 704 474
211 425 563
770 655 536
398 557 918
155 502 741
145 233 653
32 917 713
614 217 604
608 367 700
603 646 600
286 729 793
194 667 898
240 107 911
215 116 865
82 848 469
658 483 378
718 393 435
616 719 730
405 818 315
853 91 109
997 591 423
182 523 776
289 865 362
826 332 580
596 910 415
743 366 444
328 533 79
350 785 522
719 559 280
859 432 707
822 293 903
460 561 222
273 434 147
351 336 42
512 958 877
342 279 854
57 899 825
423 724 932
952 46 283
87 64 297
381 177 808
971 173 826
407 627 581
433 876 370
105 926 258
534 598 401
3 729 932
682 738 617
39 320 308
892 298 182
855 864 533
683 29 468
505 248 951
675 143 258
927 971 868
868 726 504
227 956 281
328 689 720
143 1000 901
838 800 852
833 945 651
941 730 754
302 814 789
696 29 195
274 766 674
399 56 112
746 701 628
201 91 497
608 260 924
342 775 777
369 818 32
439 21 551
426 479 280
305 578 17
635 748 360
644 944 817
226 752 109
717 742 176
653 203 544
481 529 520
709 675 292
681 22 389
966 940 645
657 791 752
529 364 973
118 53 980
763 222 502
432 414 222
270 856 63
303 780 923
926 571 18
359 821 308
668 84 784
877 147 901
732 779 524
726 187 491
863 591 726
556 581 807
940 845 186
383 788 859
96 357 817
878 803 280
743 577 735
292 798 118
482 184 217
658 536 571
667 241 693
162 319 453
231 983 663
253 58 10
211 22 224
922 301 769
858 160 636
18 580 447
855 136 708
27 68 973
282 376 74
404 674 136
544 79 908
53 622 257
15 18 170
576 746 999
271 490 328
288 358 172
835 821 91
56 686 428
620 424 432
69 276 275
331 89 388
493 272 949
619 406 958
828 106 762
661 209 753
824 421 27
34 9 85
787 449 924
740 915 42
889 14 672
52 747 240
844 869 734
530 6 19
363 759 725
137 569 409
17 461 54
948 261 63
393 166 470
890 423 872
365 4 999
761 638 970
929 653 191
846 128 482
799 66 27
864 682 508
422 683 935
917 918 829
453 482 485
390 491 822
880 787 692
900 927 754
940 242 537
224 950 458
772 302 948
611 779 430
588 667 550
198 145 515
791 203 387
693 25 258
96 613 791
107 966 81
278 694 773
862 696 924
684 790 456
966 879 235
136 166 576
422 767 728
56 200 801
264 325 655
188 253 17
695 87 377
330 695 218
862 679 309
119 623 417
157 229 524
257 297 771
594 379 99
44 321 696
733 477 926
57 828 467
507 92 313
722 549 53
184 549 586
96 580 906
30 439 192
182 309 340
496 772 572
690 329 875
864 235 286
961 230 944
956 833 592
780 6 78
449 201 498
13 415 379
559 403 212
192 385 724
125 446 677
489 827 971
847 850 864
40 40 981
834 791 128
614 709 785
610 631 685
728 600 101
463 89 206
246 994 970
423 796 844
907 139 977
899 858 357
362 773 210
454 7 771
824 364 478
943 601 468
555 968 262
375 463 83
674 128 627
944 24 136
134 302 335
248 11 933
937 963 166
418 990 154
783 690 717
910 815 858
906 43 914
745 916 328
653 276 420
912 529 947
21 325 604
665 412 246
631 923 278
183 2 294
191 557 807
959 844 476
968 847 785
139 453 669
471 324 788
620 49 550
451 980 36
617 608 170
391 943 939
449 853 551
28 459 497
502 55 889
524 955 202
616 727 771
178 288 973
234 297 137
385 685 160
110 633 776
276 578 938
57 439 3
197 851 517
754 931 928
741 989 545
267 968 335
644 210 633
421 447 596
149 394 993
187 673 202
13 86 676
72 738 431
411 579 87
810 603 683
1000 304 309
602 67 50
374 190 30
905 390 757
56 257 437
183 223 564
613 80 320
572 579 128
523 903 838
747 886 995
162 838 618
971 755 152
998 339 366
916 905 108
320 187 838
114 918 209
441 413 74
442 342 268
503 103 405
862 407 189
830 613 196
136 773 378
661 99 399
387 757 449
355 891 832
280 614 15
813 63 394
329 256 990
334 801 506
499 705 118
514 75 580
431 370 258
636 316 873
357 242 390
820 170 962
646 417 525
297 322 394
666 449 7
664 605 982
367 502 79
124 98 829
992 73 622
590 715 16
746 551 364
129 889 47
869 893 89
794 193 165
125 212 254
194 188 146
292 15 469
262 750 359
836 6 101
154 428 551
319 462 114
589 228 478
832 140 653
7 497 610
148 15 817
184 841 212
494 400 602
863 325 350
40 791 803
570 442 408
438 500 427
633 463 763
369 480 187
135 856 290
227 560 681
954 607 294
585 570 517
529 446 983
56 747 862
86 609 999
304 452 78
20 887 789
549 932 226
961 366 66
836 342 534
742 257 707
115 882 252
800 128 457
761 106 263
189 457 759
996 506 962
481 732 774
83 948 334
806 657 639
384 273 70
72 426 477
624 308 382
504 664 804
304 141 225
664 96 694
384 802 281
188 220 785
195 510 191
331 657 507
590 964 63
170 223 98
196 202 29
604 994 33
391 736 802
656 852 35
231 689 149
380 172 532
941 206 621
883 895 281
116 414 482
760 176 582
154 862 989
361 554 135
467 111 329
338 753 72
899 25 703
553 436 99
39 652 504
638 956 385
603 73 972
732 365 489
680 758 195
210 771 727
537 103 558
462 937 517
434 110 934
109 377 320
752 155 576
26 736 535
322 324 98
741 443 565
698 437 220
964 165 121
76 177 303
859 740 169
126 971 671
646 32 693
699 513 124
996 134 162
590 757 291
608 792 988
257 59 217
321 614 1
506 471 211
462 559 156
33 457 290
610 485 277
994 145 622
462 338 994
67 136 106
709 974 765
847 822 300
389 435 213
312 769 543
692 396 743
321 480 693
659 604 348
411 306 395
31 598 957
25 519 240
608 497 58
44 918 797
837 849 795
719 158 828
528 71 410
318 255 208
188 15 489
720 35 360
17 767 112
923 790 998
990 623 742
720 233 812
917 978 607
969 135 149
19 363 114
104 491 550
166 907 785
206 630 359
267 409 904
528 527 327
137 32 933
382 581 373
290 866 476
381 442 563
115 396 15
782 347 549
1 582 289
465 14 624
913 104 876
88 785 403
583 787 179
21 213 951
600 1000 290
72 441 49
431 12 146
874 869 556
747 357 996
872 302 70
922 598 868
813 508 451
272 850 48
687 183 619
596 135 612
869 459 47
195 334 150
639 148 62
55 513 257
173 390 325
968 727 110
547 846 727
471 852 635
282 504 689
741 798 892
967 504 763
514 241 801
895 436 935
166 616 229
355 297 733
902 975 299
752 864 178
221 895 431
607 155 998
869 810 127
317 761 565
788 230 953
799 962 990
676 653 544
848 122 50
91 738 628
155 864 722
909 532 544
506 354 993
15 890 528
399 862 433
422 447 125
121 409 424
873 746 202
998 552 788
714 143 479
780 335 795
406 951 532
550 124 845
112 580 995
381 477 39
995 461 511
225 880 500
673 168 166
705 166 925
679 212 520
328 714 319
737 721 158
25 11 223
138 105 963
536 441 35
28 612 530
673 781 615
580 568 963
212 749 241
586 537 714
396 760 29
738 157 303
579 605 958
203 260 900
879 835 848
373 66 609
647 799 56
865 742 911
430 364 537
586 331 730
807 270 532
545 241 644
550 889 512
991 698 978
397 787 730
381 581 618
241 485 612
740 613 525
554 929 356
146 246 619
61 561 867
392 337 300
337 2 144
426 924 612
26 324 688
772 840 680
675 655 673
439 442 591
860 245 632
294 243 303
950 573 384
807 742 776
212 822 170
185 979 636
291 254 574
113 246 995
934 533 238
16 409 352
932 607 78
665 608 507
710 555 30
836 400 523
554 362 603
437 906 166
462 839 21
794 551 487
982 302 89
577 115 484
159 195 633
213 333 313
957 359 392
667 583 981
457 677 152
728 902 524
949 647 468
512 640 56
713 706 961
128 607 360
666 391 806
938 826 503
757 263 658
869 95 786
535 186 439
944 393 234
865 521 253
85 663 260
117 954 393
461 612 529
361 868 740
755 299 449
672 654 252
703 616 365
271 31 617
548 999 929
915 850 820
461 713 365
546 699 602
787 661 38
352 310 813
562 472 168
569 934 677
851 523 146
156 464 895
902 586 632
801 512 855
192 909 44
477 902 830
619 192 252
600 658 120
760 929 185
437 952 654
419 265 553
75 966 897
736 865 880
874 279 964
254 971 82
440 801 721
887 261 394
310 1 768
559 728 246
255 167 962
132 646 718
507 642 842
472 994 356
42 983 106
405 316 85
315 733 676
380 37 902
227 148 763
581 202 505
36 453 694
370 40 127
626 107 816
972 965 702
819 103 48
450 268 222
572 876 20
25 771 294
823 174 924
174 702 589
768 866 275
517 452 283
583 213 959
178 256 77
851 963 201
819 831 735
946 28 333
846 92 420
253 846 701
170 718 134
301 115 333
125 298 735
77 698 947
966 891 802
185 213 995
880 982 493
69 479 391
52 843 745
937 205 534
818 688 777
613 117 966
735 744 396
856 973 461
574 72 285
945 147 318
684 627 392
483 391 717
59 36 108
716 371 890
517 327 227
64 630 597
576 109 273
147 310 621
861 25 178
172 573 658
23 145 347
797 275 722
645 255 690
694 727 198
2 485 9
937 381 811
714 111 427
274 933 149
711 481 70
978 935 149
77 423 571
543 88 708
964 88 684
798 186 932
223 424 588
602 342 226
478 685 470
667 804 391
767 495 348
985 242 941
121 42 333
455 547 440
60 609 874
121 38 547
652 676 167
932 445 24
733 187 651
911 703 383
210 72 620
584 84 324
40 576 289
991 911 486
870 399 719
831 931 493
883 163 303
554 536 239
667 524 603
655 73 137
44 840 205
785 281 148
658 823 367
883 593 828
867 114 778
152 690 858
826 261 893
408 807 115
159 172 683
93 331 598
22 117 227
340 898 965
495 516 889
328 644 821
22 893 567
985 719 66
571 652 960
598 890 634
108 536 289
15 222 471
17 971 307
576 287 861
684 506 182
46 495 999
971 977 66
924 744 873
175 682 363
440 479 643
722 411 721
812 617 918
293 407 208
624 266 519
264 654 13
142 859 2
94 27 259
357 703 983
351 303 134
477 508 535
744 280 766
342 876 96
82 970 966
716 467 674
355 194 110
677 338 707
951 43 490
75 430 892
503 440 305
88 224 380
173 733 167
848 580 263
305 723 826
338 981 325
967 251 159
181 334 996
705 643 9
31 19 548
531 314 297
373 785 857
670 257 800
420 104 138
531 7 721
886 665 486
710 864 137
475 568 400
808 360 672
507 492 349
596 937 701
313 731 981
770 612 540
671 59 188
161 457 25
124 994 385
520 377 994
67 411 306
939 287 84
875 351 410
575 922 821
90 894 638
895 796 146
279 54 3
733 542 566
553 557 108
470 782 673
834 548 694
457 167 542
485 31 594
616 828 431
545 897 283
63 109 274
450 168 720
11 144 178
892 489 967
894 980 311
699 86 790
332 835 275
312 152 843
977 938 66
639 747 704
462 806 611
731 59 870
20 715 532
550 16 647
220 944 514
758 276 944
374 714 601
875 577 553
279 45 286
111 36 956
413 783 329
18 579 625
428 555 941
126 966 74
509 696 759
552 897 785
412 230 346
666 759 301
151 13 57
246 652 955
835 137 371
842 217 535
849 765 760
682 145 685
976 459 541
522 409 350
90 641 868
159 81 592
531 595 803
922 108 448
321 292 258
396 284 247
471 239 285
34 900 699
28 675 433
744 914 951
852 716 412
200 493 305
975 968 996
485 594 805
693 963 542
566 530 705
568 423 233
694 264 586
408 816 851
21 958 962
988 545 928
315 687 334
861 493 610
725 753 680
269 23 335
726 543 810
142 612 191
25 792 483
78 694 226
417 998 200
689 412 483
328 195 156
986 679 796
271 8 441
215 15 281
720 134 369
564 209 403
723 880 498
814 15 550
674 224 959
557 199 838
631 297 882
222 395 489
298 627 316
114 164 688
857 561 518
580 636 127
399 799 804
471 214 235
232 370 425
733 797 170
844 174 719
896 985 40
418 596 519
933 593 514
69 388 989
481 221 768
860 455 890
738 722 535
15 656 780
228 123 472
924 367 675
270 980 304
639 926 250
662 595 400
961 148 260
409 939 228
122 642 372
347 503 447
858 755 582
141 233 502
715 120 899
123 808 1000
20 521 238
768 771 786
28 633 88
805 373 506
62 191 343
656 203 718
116 151 321
449 385 968
545 524 8
646 403 953
487 60 341
367 7 254
544 106 661
734 277 587
869 207 112
434 905 878
88 319 983
932 240 504
101 107 929
374 7 124
151 458 497
641 80 517
972 176 495
625 882 92
143 11 533
327 212 117
695 838 553
988 16 823
186 414 308
811 712 316
15 250 328
795 61 626
214 97 644
779 258 542
18 156 97
689 483 144
870 383 101
907 805 168
830 576 966
82 939 221
118 893 962
37 853 801
112 93 633
989 919 965
590 936 241
425 818 677
464 192 874
464 117 264
954 523 410
918 776 859
815 900 601
464 557 256
587 418 73
401 147 929
543 789 352
669 359 350
769 39 649
10 865 478
421 161 576
38 783 25
182 947 628
532 182 378
767 230 100
114 193 184
689 161 206
909 806 820
816 267 739
949 671 583
188 671 250
564 217 459
346 949 494
88 65 412
781 538 950
119 684 29
227 390 397
574 445 44
140 57 999
219 524 202
746 56 433
508 819 232
923 838 423
462 373 860
895 52 797
68 275 632
683 882 298
89 362 853
355 997 839
504 392 899
75 241 736
556 462 934
670 794 718
356 804 209
550 948 416
660 551 827
202 684 924
987 802 833
154 66 788
426 848 933
609 138 521
887 792 667
629 936 38
354 9 247
62 19 72
925 848 280
175 255 609
166 795 397
885 384 552
245 97 667
28 694 946
552 389 540
826 920 621
220 979 258
866 346 606
696 859 187
607 100 625
875 68 280
610 831 861
10 499 729
164 901 292
411 27 547
418 256 399
665 963 855
165 892 618
748 358 168
74 974 986
502 18 825
942 230 540
325 653 975
505 645 600
735 710 547
979 585 827
963 249 529
345 415 526
129 123 895
373 41 303
656 356 212
854 637 207
753 180 300
345 885 64
495 722 971
217 408 988
551 316 559
269 198 765
910 519 46
846 423 81
778 491 764
687 743 960
831 435 188
265 425 456
134 615 650
977 986 948
987 79 812
997 661 25
578 203 139
816 573 807
891 295 586
863 430 151
870 746 235
689 845 809
87 372 920
720 25 587
759 542 996
322 474 364
789 249 287
915 567 105
879 786 908
976 499 150
254 423 423
298 386 842
873 383 208
560 27 327
699 575 899
621 677 359
122 160 479
401 637 263
873 744 290
748 791 452
715 335 881
854 710 460
798 188 788
885 28 495
374 478 1000
262 478 595
820 347 66
863 509 209
356 678 648
185 325 405
579 78 802
300 808 909
11 378 266
333 803 620
956 175 978
332 226 48
375 493 656
851 167 121
322 282 655
177 575 942
432 265 577
33 86 879
619 240 712
270 178 226
325 328 238
909 601 140
128 525 416
648 718 272
690 615 387
827 999 52
374 634 926
928 406 278
962 454 512
5 41 350
829 29 928
761 119 388
937 191 666
605 371 140
202 507 647
57 19 598
246 899 547
858 821 201
69 833 633
44 607 419
404 135 850
680 29 865
881 692 215
820 155 595
705 359 483
124 733 535
218 222 691
954 738 489
818 764 311
454 770 776
867 532 668
55 407 191
534 707 303
446 860 530
847 7 832
224 932 280
56 992 917
858 288 533
817 255 785
96 525 353
778 986 802
921 976 89
426 700 536
633 480 831
453 331 388
545 590 493
36 612 358
598 385 952
531 61 769
114 590 477
291 196 738
725 942 252
124 644 623
946 553 6
880 407 62
286 186 861
26 70 628
553 548 247
844 695 529
29 530 657
352 284 694
697 29 67
174 499 188
4 983 622
547 252 851
731 528 823
14 128 474
981 481 584
282 717 469
252 416 851
827 670 171
54 549 805
217 238 849
324 806 908
798 469 650
123 943 629
744 228 387
150 554 956
974 63 17
714 758 820
485 262 925
989 194 947
765 739 81
601 448 218
576 97 186
875 141 149
583 54 388
882 733 741
464 260 35
927 210 53
250 232 923
399 29 421
414 142 149
890 537 695
159 37 352
917 481 958
196 104 869
39 42 842
724 691 919
688 635 796
360 710 16
703 588 837
870 375 118
939 973 622
607 932 267
764 858 845
801 478 575
397 786 284
937 98 811
458 632 462
866 758 117
164 570 289
619 876 28
199 202 620
116 636 691
505 888 758
845 287 356
863 467 262
194 267 141
40 314 697
299 781 529
421 54 931
554 544 224
512 469 582
50 817 51
621 889 146
535 994 930
327 262 545
942 378 834
725 425 691
288 398 634
963 190 214
974 238 435
84 121 717
751 8 696
432 983 702
135 192 597
776 601 270
70 946 703
304 37 271
944 166 990
983 11 101
245 942 990
352 806 39
588 16 242
693 271 183
422 545 65
190 123 382
711 513 861
767 192 966
927 13 525
717 850 609
965 389 573
932 419 264
652 920 701
259 17 810
562 398 93
52 382 889
141 716 462
191 39 209
418 659 342
913 187 563
583 187 19
806 194 905
43 641 124
227 840 663
523 689 901
510 191 359
946 885 842
136 804 247
610 822 867
1 940 173
188 724 776
497 118 598
58 698 323
797 616 49
819 322 399
914 414 844
431 590 190
6 289 536
991 324 308
65 281 784
722 930 644
848 765 65
725 797 925
659 729 703
660 693 570
32 303 22
451 531 928
462 986 497
24 715 658
801 733 522
887 763 612
258 82 231
746 360 362
495 841 958
971 823 438
432 777 676
149 833 853
677 374 284
693 328 860
632 896 681
390 197 961
722 97 906
153 902 390
552 213 863
885 842 122
127 19 547
552 385 394
942 717 320
441 165 79
796 916 492
427 1 908
151 322 31
120 33 556
728 806 769
416 201 329
626 121 259
485 958 769
323 824 523
274 882 793
742 965 387
506 845 150
685 769 529
584 576 204
107 221 619
259 222 697
465 875 667
866 649 913
572 549 1000
23 185 946
840 684 110
162 376 175
852 433 159
782 461 394
699 16 984
487 987 147
399 545 67
562 366 902
804 173 554
874 499 224
692 296 957
362 474 361
78 724 562
97 74 97
862 74 251
223 869 498
272 787 397
919 575 637
113 283 287
591 430 708
823 392 626
349 31 53
876 479 106
262 279 683
381 645 348
553 23 491
435 276 250
642 542 922
858 977 287
788 705 899
141 242 210
882 152 751
107 2 882
964 611 885
984 393 814
648 165 865
825 394 415
606 330 858
634 861 987
540 290 826
859 579 474
71 861 891
500 584 688
480 920 403
518 974 428
542 123 953
126 975 108
489 563 40
738 22 404
904 888 741
563 351 453
952 547 203
540 958 153
904 106 754
617 33 563
615 854 553
112 597 344
409 66 869
601 93 467
7 924 865
697 305 725
822 193 140
488 376 278
19 735 749
78 318 455
725 795 868
675 5 358
962 558 854
709 687 194
495 498 856
203 368 939
12 853 554
545 230 693
434 953 589
921 197 830
775 584 644
405 285 494
146 446 274
531 951 427
320 85 491
668 104 385
327 59 839
410 834 278
445 997 702
914 754 32
201 313 9
697 992 765
193 166 545
147 275 634
562 167 323
7 761 772
62 90 80
448 230 85
481 341 325
476 487 299
764 731 902
261 213 282
6 29 481
668 825 274
258 6 320
500 347 145
549 889 866
701 533 296
338 739 839
190 598 282
833 87 372
37 730 283
481 329 21
90 771 351
797 486 762
559 687 833
763 478 358
251 452 423
358 244 21
994 852 683
18 161 104
518 75 462
291 226 438
581 650 432
101 207 267
878 307 211
535 717 561
726 403 20
669 937 652
501 143 403
630 32 541
737 722 584
288 97 358
344 582 405
830 944 492
745 735 918
598 245 652
263 862 391
234 479 928
156 83 309
152 829 35
771 426 15
642 192 416
297 858 52
276 729 571
296 946 124
978 513 120
898 986 1000
648 721 871
414 975 191
835 972 705
453 514 304
923 659 356
495 182 280
531 521 902
144 726 788
212 409 138
225 177 101
349 94 201
601 353 609
69 192 324
385 301 57
859 663 368
557 441 984
446 916 389
380 891 355
757 893 329
449 142 583
31 38 815
146 840 790
731 6 800
832 489 276
894 67 610
796 724 700
597 839 589
291 101 188
247 937 934
573 299 174
452 348 222
742 551 606
609 1 119
239 101 20
27 553 722
867 966 706
559 219 789
347 550 650
87 579 941
652 646 935
787 309 742
250 391 215
725 958 77
515 745 713
625 645 313
772 293 773
157 266 125
994 555 48
840 764 248
238 479 148
421 717 539
617 755 326
981 30 453
508 602 362
166 150 390
467 907 293
424 597 845
616 629 920
82 6 400
94 423 899
657 542 81
799 494 80
225 954 142
992 233 663
86 463 855
158 937 352
450 312 954
378 608 313
32 472 882
941 411 471
880 994 847
183 342 436
511 294 431
915 911 952
3 669 567
928 373 859
177 826 545
719 261 947
929 388 548
331 838 321
702 844 740
664 354 159
221 631 433
859 493 636
428 938 91
279 841 680
210 263 749
235 728 69
391 784 819
520 972 790
362 908 485
712 536 230
789 836 475
11 260 483
794 365 226
979 601 267
484 791 38
499 62 52
696 270 968
677 753 829
807 276 561
14 152 57
111 423 863
124 707 595
377 622 770
39 582 349
159 70 203
786 330 736
369 629 157
58 230 959
863 144 648
673 458 828
460 244 513
75 860 905
201 955 283
96 623 249
823 432 465
773 345 865
149 239 119
459 272 554
200 834 657
521 391 893
345 885 75
219 627 793
520 421 453
392 744 438
541 140 216
555 431 800
436 501 535
847 96 187
159 628 749
673 311 385
354 111 683
83 25 533
815 777 742
62 542 622
926 910 588
679 20 529
826 511 115
280 263 669
981 166 537
785 892 689
959 495 404
383 60 146
633 874 436
340 438 864
985 431 955
296 177 90
850 79 660
887 768 482
988 555 869
584 509 891
230 440 961
84 529 701
589 278 345
96 719 778
32 355 412
926 515 988
680 896 274
373 925 885
828 39 825
944 49 114
247 622 46
649 515 912
6 588 740
411 477 74
128 24 809
584 331 651
196 859 883
518 921 561
336 662 882
782 725 590
72 513 126
93 775 45
813 590 925
637 737 851
2 402 953
805 703 826
556 38 555
444 633 975
644 165 12
959 862 611
867 75 82
753 833 535
761 93 724
347 155 412
194 349 986
111 907 105
498 712 640
57 982 193
80 10 422
695 164 547
33 163 559
887 642 108
135 115 151
378 718 549
206 853 361
694 845 811
875 827 399
50 19 436
167 423 338
830 253 587
549 144 991
160 669 43
843 380 283
948 662 113
294 740 214
710 624 120
620 783 677
657 8 17
217 747 489
66 115 868
765 24 954
733 77 702
505 324 153
80 611 328
364 702 755
152 583 26
260 344 756
5 744 401
798 732 992
254 720 195
333 718 421
135 226 173
611 79 142
197 546 46
566 842 609
211 48 887
338 273 263
998 682 830
36 336 310
23 159 15
711 352 237
419 720 203
836 980 362
522 329 427
594 410 990
530 735 464
183 737 672
347 448 974
456 926 303
456 560 367
344 937 362
301 862 466
669 797 225
248 852 993
961 88 111
163 314 683
621 720 908
450 44 772
686 338 965
603 823 124
266 127 426
358 583 316
650 591 884
826 131 926
136 110 728
636 445 506
609 754 497
748 648 861
564 382 764
424 977 584
149 71 419
768 484 340
826 861 591
846 112 777
950 804 438
187 219 607
922 479 164
641 209 98
178 611 820
255 811 591
348 480 852
963 401 592
679 815 172
529 552 928
404 300 827
854 62 331
867 864 261
647 837 388
661 995 789
526 32 779
644 962 339
564 309 471
435 441 422
291 645 501
164 375 358
215 679 607
503 588 602
277 85 77
411 277 906
519 604 113
510 334 981
84 514 519
572 639 153
878 247 379
872 174 421
590 520 541
219 525 71
687 289 371
968 93 128
971 707 877
511 163 199
619 539 324
618 430 871
747 416 524
201 184 424
443 614 231
762 78 675
999 547 11
201 405 48
964 487 790
603 365 874
303 807 641
798 254 513
207 29 310
536 984 764
847 178 396
149 742 944
416 470 387
647 744 686
910 868 567
524 904 225
192 303 188
56 823 195
811 914 64
670 423 721
697 728 42
381 824 8
931 160 250
371 831 70
964 70 791
866 680 138
421 226 228
696 761 714
281 807 994
157 438 602
248 780 492
510 791 684
48 719 286
161 630 643
780 360 251
1000 953 212
17 604 600
10 750 328
582 396 28
999 729 808
476 910 644
557 909 876
3 119 662
144 907 946
758 781 464
327 175 410
985 536 993
636 734 141
980 675 774
427 151 502
117 422 741
872 658 35
260 465 830
380 145 372
463 654 643
57 7 511
472 57 202
568 526 221
302 796 983
605 873 553
324 881 315
432 956 310
42 161 210
417 383 467
244 842 351
593 860 822
74 923 126
381 785 153
921 893 498
861 396 595
431 568 239
951 940 288
691 998 925
123 252 202
665 64 858
558 374 472
335 545 7
265 293 336
594 445 342
698 590 186
299 768 576
933 639 622
186 786 223
157 277 498
563 135 961
435 904 187
619 549 341
408 548 647
468 192 230
979 589 327
933 117 53
72 234 613
898 99 707
769 61 206
891 475 789
409 116 65
175 401 79
270 313 28
901 844 147
466 854 808
811 530 465
870 172 939
736 690 263
843 139 851
51 676 881
552 385 510
39 48 142
494 704 817
213 576 541
676 228 147
862 311 942
924 453 718
953 822 835
182 389 754
299 270 663
519 290 771
31 766 366
959 353 184
6 143 912
40 288 827
448 296 131
185 496 250
765 326 179
705 568 407
122 811 583
911 333 350
384 184 445
718 686 45
746 663 653
875 276 645
887 999 958
657 170 82
57 156 827
290 253 929
869 810 162
24 979 103
944 417 944
934 946 799
486 738 572
481 191 52
535 785 208
912 914 745
930 528 294
502 207 27
109 1000 132
668 525 772
870 512 247
736 211 579
107 158 148
995 685 108
43 994 521
620 692 15
274 860 503
670 454 32
305 580 28
419 50 759
169 455 708
585 360 263
842 430 291
668 899 339
543 342 715
379 670 700
980 638 919
502 430 386
619 373 877
677 577 489
275 121 457
966 885 135
626 287 429
372 257 794
356 602 876
22 81 721
172 375 429
864 811 590
116 676 285
603 249 976
431 142 51
409 67 672
848 304 747
631 864 544
791 683 945
161 658 551
657 166 136
447 97 938
308 474 581
314 678 571
872 199 4
568 850 327
568 377 934
645 866 365
948 510 234
824 414 564
819 554 210
154 391 628
547 748 823
219 420 644
451 354 382
628 545 869
664 37 129
722 818 98
565 479 30
976 351 698
808 648 306
587 681 116
374 835 928
304 904 136
335 706 494
116 890 440
832 563 682
69 908 295
491 681 659
372 980 293
401 468 871
517 656 879
317 222 763
910 604 117
299 906 13
882 289 174
879 209 587
230 388 732
985 583 79
745 507 21
444 505 870
540 789 357
969 428 95
377 330 776
191 280 19
895 673 881
210 32 228
594 872 826
966 492 790
73 420 76
110 493 179
615 870 939
424 558 979
122 8 664
347 683 808
306 269 378
105 858 575
37 42 56
477 91 397
862 552 533
345 58 328
540 656 911
45 805 70
234 265 90
46 242 936
297 233 1000
439 619 718
8 684 910
966 771 291
80 539 174
188 838 139
832 395 430
173 526 799
709 981 199
814 584 768
429 677 727
119 927 553
378 728 908
529 847 735
548 644 383
495 784 842
914 734 928
532 188 808
97 453 807
450 421 33
176 558 483
543 269 482
931 62 391
228 930 30
705 358 34
285 888 429
904 405 405
598 681 207
609 187 740
635 725 982
212 903 261
195 105 89
990 973 345
72 848 644
395 389 635
899 82 365
396 294 166
571 95 745
327 76 213
769 581 585
406 901 524
55 118 786
311 474 166
634 536 931
49 966 591
721 899 318
354 597 916
972 649 843
387 689 537
520 722 952
475 254 610
291 150 882
588 946 57
880 465 919
407 546 809
170 458 887
16 907 739
522 751 494
583 151 709
977 507 707
421 589 893
803 914 31
125 285 944
976 704 584
974 58 381
709 353 974
791 819 350
602 756 208
546 325 264
170 432 359
348 646 126
110 782 37
989 120 756
447 881 779
549 94 856
139 481 198
813 786 809
53 26 475
883 379 676
609 789 147
605 957 79
769 101 132
143 758 887
631 376 187
307 552 690
239 55 828
298 79 679
688 962 778
465 384 41
681 991 583
841 174 254
137 275 614
67 721 849
358 168 13
385 894 676
826 793 500
730 648 697
337 226 630
896 984 998
102 394 197
582 672 620
666 122 429
201 710 176
604 3 40
327 961 659
639 968 961
850 180 175
408 197 20
900 165 9
220 182 360
418 418 869
126 729 178
549 444 56
207 822 296
772 10 267
600 679 350
267 160 797
189 51 171
22 282 648
583 220 438
365 613 660
94 905 990
565 878 299
498 745 983
342 271 766
243 408 732
602 404 990
579 352 515
466 823 295
858 585 864
680 815 97
741 205 778
724 336 74
557 895 855
512 405 909
879 691 928
43 106 749
654 375 903
245 743 111
187 114 14
746 294 112
906 651 752
244 596 153
82 193 66
686 68 7
313 268 636
141 74 170
459 946 206
614 950 777
799 58 664
773 526 289
974 809 129
379 321 449
217 253 887
668 179 175
967 746 769
926 357 624
519 461 175
175 78 330
138 135 427
746 1000 183
574 744 979
542 430 141
98 279 725
525 371 238
390 88 906
212 982 299
954 838 458
800 346 554
968 39 127
906 533 380
141 389 843
650 888 414
406 848 872
507 169 764
737 118 434
598 124 701
218 822 426
47 235 446
56 70 208
347 676 401
110 66 862
947 101 768
529 545 97
950 519 268
966 18 195
471 154 421
955 370 301
45 735 443
233 224 192
319 388 615
135 360 248
419 145 358
336 576 721
489 155 403
705 458 901
346 926 417
66 564 246
173 429 32
376 303 298
717 966 213
530 7 766
291 803 397
766 508 754
428 435 282
230 180 790
254 120 925
428 498 204
187 569 726
898 801 967
265 630 869
853 677 13
947 878 935
171 988 115
186 802 108
430 436 787
276 890 116
166 882 116
805 17 432
628 601 734
757 37 150
744 438 411
53 138 91
189 483 598
478 175 849
147 116 559
223 92 357
250 625 679
268 560 535
259 685 216
117 630 871
172 595 300
765 545 106
926 868 786
608 866 774
654 868 817
586 9 899
556 596 833
32 71 884
937 655 28
580 213 28
562 193 779
748 225 157
252 649 47
689 17 684
62 819 290
382 398 721
934 41 49
962 346 78
23 447 216
429 445 493
518 324 568
586 519 73
915 821 440
240 454 85
7 751 277
374 297 503
1 14 855
287 503 229
516 444 835
775 972 580
66 937 280
525 512 144
923 599 175
782 297 926
57 644 753
722 761 251
245 835 183
166 999 821
934 230 62
28 877 697
995 302 719
996 438 891
40 455 141
597 768 380
793 718 636
728 306 856
870 298 377
8 597 778
595 249 264
776 860 173
806 264 168
878 598 827
877 254 545
143 26 953
647 577 69
273 999 716
999 367 982
248 72 335
806 338 19
86 354 350
482 812 564
485 482 513
376 343 153
34 499 114
267 18 995
377 395 333
904 348 441
240 824 517
660 275 430
530 22 206
623 178 56
167 784 222
262 59 147
925 693 262
316 301 657
261 640 5
689 932 844
191 465 268
401 932 439
979 125 813
196 832 605
170 530 36
283 299 353
190 828 879
911 295 893
266 506 232
66 769 254
786 390 291
690 515 877
261 593 762
426 774 56
171 362 467
341 628 735
676 831 955
717 700 143
814 214 696
402 944 608
938 975 90
512 39 126
47 853 515
893 455 951
506 561 562
874 912 58
754 533 385
237 715 598
47 282 292
554 750 241
799 764 12
821 971 154
634 271 663
406 331 909
618 970 683
55 864 664
309 844 134
855 223 783
869 254 530
681 686 862
751 240 948
537 618 804
713 674 776
932 338 52
351 168 6
300 723 284
316 93 475
488 647 535
250 700 874
729 18 584
569 393 264
385 965 206
852 695 768
613 953 444
690 907 456
360 449 615
330 838 616
391 750 438
24 977 866
289 297 541
952 547 940
734 769 655
740 580 261
488 272 412
633 454 657
16 91 242
246 803 893
448 657 943
