3142
393 399 960
320 833 455
830 340 590
797 679 975
195 276 163
851 646 902
378 456 469
377 470 311
468 189 945
927 551 986
183 26 50
429 576 269
930 609 441
798 785 442
163 397 582
211 497 956
996 458 644
787 315 63
988 639 252
486 908 617
721 206 725
159 874 904
540 148 231
37 453 818
484 212 778
320 303 416
389 465 669
928 828 667
733 828 716
317 102 513
814 274 198
920 424 858
924 114 90
502 534 21
731 709 594
512 406 58
744 576 707
74 227 693
735 739 876
507 430 455
328 53 94
366 348 297
507 719 852
718 83 453
966 271 717
983 91 615
563 430 650
382 108 946
755 707 498
433 967 269
507 318 710
549 52 653
265 592 683
578 185 3
21 970 721
594 939 548
871 333 544
768 543 371
678 329 54
912 115 537
52 34 555
135 285 793
530 219 224
33 661 542
394 173 714
583 377 57
950 33 160
12 352 528
755 720 63
197 837 753
197 641 185
885 568 582
317 820 606
105 20 556
399 898 646
479 77 943
87 895 880
205 14 248
994 948 757
321 742 102
251 206 180
488 508 284
430 953 85
477 509 587
238 800 620
949 656 918
145 26 43
614 241 690
277 728 48
765 103 349
689 14 248
973 356 696
842 828 308
565 83 171
532 688 772
597 393 776
866 231 901
892 404 630
374 166 738
785 184 896
695 660 591
373 69 206
849 703 913
906 815 798
79 186 232
521 744 988
222 469 802
140 399 586
501 564 822
290 57 187
81 199 772
165 732 802
59 892 338
426 497 558
216 499 873
239 549 608
467 338 150
590 272 294
201 647 22
301 824 515
688 578 345
78 500 19
296 637 348
122 188 710
813 868 157
622 155 744
254 132 608
399 20 131
61 598 366
289 823 946
878 365 731
281 384 668
19 364 504
595 552 689
539 103 279
439 680 643
791 367 192
331 557 373
91 332 560
798 231 212
708 654 521
74 713 111
593 566 745
417 9 358
759 547 314
180 619 377
814 850 621
462 842 150
75 44 131
913 525 175
539 542 993
990 935 417
199 601 480
979 154 758
88 902 144
36 639 791
930 493 369
809 206 275
801 965 880
465 158 733
447 747 637
835 660 169
1 692 717
525 768 474
425 624 872
29 692 280
189 739 406
366 911 198
544 984 422
205 158 110
421 725 907
965 638 591
463 45 590
179 909 947
781 432 328
758 42 356
347 12 561
996 46 400
262 406 967
269 814 49
639 72 676
924 918 101
772 912 359
232 384 48
559 208 835
267 226 301
160 565 55
765 395 403
799 976 351
506 557 240
864 450 699
314 170 801
947 703 203
815 916 382
959 63 166
472 786 808
770 956 562
802 215 380
559 292 755
949 877 401
748 600 631
258 6 525
104 503 470
402 492 488
289 569 199
545 15 217
764 838 181
97 794 124
715 895 382
738 111 948
326 562 163
423 591 123
752 534 454
262 288 58
108 625 813
360 920 43
897 654 188
494 796 300
492 507 981
433 526 149
81 142 666
905 15 916
556 235 910
671 837 928
692 333 404
221 63 481
271 971 842
150 251 342
372 815 997
83 378 847
232 814 138
272 86 250
922 733 34
459 220 156
110 482 355
878 77 914
365 355 774
716 699 272
673 433 72
1000 818 658
233 485 344
171 503 213
77 570 308
646 193 537
715 735 661
943 555 306
790 388 353
194 359 415
373 375 532
998 696 223
754 151 905
274 855 68
895 29 411
954 695 366
710 200 415
191 719 625
138 174 882
916 689 462
870 795 90
442 463 212
839 28 189
117 432 439
423 979 895
545 889 947
529 272 954
980 698 340
631 453 935
643 738 508
403 807 418
262 718 184
737 758 426
968 101 683
415 856 691
942 448 592
686 561 398
270 622 374
952 64 504
728 880 741
970 5 531
617 100 746
488 71 239
438 243 58
686 327 80
96 472 11
684 239 611
195 641 924
729 510 492
165 935 348
635 669 503
471 627 343
112 742 939
404 338 957
227 217 198
726 773 304
7 383 844
119 836 640
279 103 46
417 728 271
940 760 468
151 121 428
924 447 575
823 9 10
146 494 819
807 125 960
17 668 232
138 216 852
778 247 790
580 905 613
881 276 155
163 991 659
769 468 556
580 341 441
541 492 556
665 146 908
815 997 109
767 112 756
331 484 411
997 892 139
860 626 976
236 567 8
612 589 265
111 991 503
918 230 978
562 243 41
49 209 486
464 435 345
768 442 120
502 742 311
582 273 565
149 329 324
394 373 972
70 509 681
60 299 807
154 935 906
146 485 886
444 646 922
536 729 107
860 261 142
525 94 517
984 29 660
663 127 329
326 550 274
963 622 62
714 709 693
192 6 995
987 902 339
126 104 553
676 377 906
719 952 597
241 975 324
260 174 509
52 719 545
643 240 980
198 981 302
905 346 352
433 752 4
623 856 119
751 825 560
23 897 362
901 514 489
762 632 866
642 553 893
689 557 186
871 147 548
237 446 634
994 221 476
302 163 826
823 521 573
492 548 774
660 377 710
766 505 656
24 985 78
232 813 246
159 572 411
457 641 260
490 708 425
530 137 554
972 750 883
864 954 974
923 791 770
828 959 594
847 18 73
63 216 940
905 859 954
841 835 419
984 239 206
272 553 130
368 598 928
307 498 469
772 943 391
306 425 808
39 605 925
13 811 233
338 536 834
829 185 712
420 204 840
426 169 148
211 481 352
885 515 875
256 9 108
92 367 910
326 97 942
950 232 763
268 120 787
354 839 697
805 774 393
642 353 635
798 768 426
954 778 744
831 603 759
441 330 539
862 9 867
907 355 756
36 327 218
380 825 181
794 741 861
835 989 194
781 486 702
32 890 933
693 612 663
524 20 562
85 709 453
269 338 892
331 549 544
957 607 143
900 249 431
794 680 130
847 954 206
634 910 575
797 419 300
908 672 868
283 179 78
858 4 809
674 279 779
711 842 350
585 9 28
444 762 802
926 139 943
416 528 629
876 476 82
827 504 877
883 103 795
357 463 982
754 901 556
917 88 475
946 757 296
111 289 122
483 284 710
597 900 718
319 880 845
526 458 40
544 462 435
94 519 387
12 805 585
348 663 685
404 471 710
507 827 243
124 545 51
258 105 846
184 228 995
754 32 431
32 143 475
211 851 949
618 211 975
982 490 290
907 655 567
46 470 566
287 969 665
194 882 897
894 385 814
595 993 990
89 726 178
753 543 654
138 683 399
867 949 805
798 734 466
215 839 874
858 630 3
155 611 145
220 90 551
214 842 777
632 414 400
248 120 431
825 650 39
56 447 769
749 217 521
593 199 55
304 772 252
441 373 475
237 191 711
607 247 600
420 274 180
747 946 525
8 417 284
505 55 105
687 339 789
910 210 211
571 119 562
672 162 544
209 132 615
349 153 928
434 796 672
571 897 665
269 275 395
987 191 322
109 523 556
206 994 462
924 761 460
219 347 79
416 172 68
254 60 884
158 555 461
205 482 380
457 128 62
93 413 387
915 910 377
54 688 975
122 799 467
514 390 718
886 43 787
377 379 40
735 899 17
298 618 157
366 8 175
588 443 311
99 748 107
221 912 63
259 810 907
483 199 717
887 389 447
475 989 706
731 224 310
116 699 292
906 47 261
965 729 920
285 468 323
54 789 6
51 289 636
62 702 943
465 225 811
275 191 522
508 869 377
390 452 771
351 133 260
626 850 629
754 15 238
847 324 894
778 290 372
456 358 45
247 10 904
489 332 461
830 523 528
64 336 428
772 730 305
809 686 923
656 776 973
744 981 493
209 209 919
480 230 107
690 500 723
981 412 803
745 823 762
143 297 236
413 914 913
612 333 227
438 751 649
996 358 565
288 989 568
592 804 352
292 522 626
876 750 703
728 259 328
844 225 238
50 923 910
467 971 231
974 709 859
76 198 803
728 525 482
302 114 965
749 507 373
889 793 814
690 632 760
300 684 706
910 787 783
677 596 302
489 887 442
700 396 539
264 225 737
919 266 249
112 815 281
288 118 349
949 377 628
167 187 879
531 246 967
21 403 152
69 813 872
524 183 524
561 168 335
925 73 85
266 744 527
823 636 791
48 59 284
891 992 133
986 384 858
26 635 9
96 642 158
877 813 640
371 737 678
363 863 943
423 589 741
26 334 376
666 359 206
95 73 929
609 384 809
735 289 119
694 779 392
528 15 649
624 612 489
411 783 687
394 570 291
771 940 986
421 958 311
631 515 854
448 127 84
398 587 998
753 36 243
706 377 580
484 150 948
467 163 733
47 650 649
734 209 727
155 95 976
177 883 9
34 769 120
736 767 934
940 164 233
688 320 376
928 106 64
748 984 968
795 694 385
524 762 268
387 838 660
468 21 262
700 548 688
596 408 765
552 786 693
515 322 355
363 977 495
843 653 889
307 676 643
481 75 649
100 944 898
457 172 101
230 904 938
595 598 548
213 451 116
297 101 831
659 634 618
812 199 966
270 76 990
71 548 752
76 555 329
163 954 422
298 479 887
386 47 192
411 989 887
117 431 561
123 484 202
45 258 948
861 755 320
279 311 930
988 129 161
303 1000 864
761 698 45
77 670 220
279 540 686
984 585 477
99 42 143
895 562 87
154 712 324
326 5 545
627 677 688
674 94 4
178 395 207
874 329 515
690 100 134
137 617 834
239 177 177
571 821 569
824 194 578
216 875 57
778 321 953
703 764 677
840 88 290
909 901 305
687 75 479
710 858 160
775 452 737
969 181 91
468 729 173
513 587 900
658 467 890
709 117 978
31 570 188
371 699 441
323 473 859
178 71 673
168 366 184
244 119 900
530 977 110
978 686 992
179 611 454
85 469 209
987 997 139
960 768 818
562 42 651
45 810 379
916 518 524
490 972 595
126 557 762
963 36 950
657 187 810
712 570 383
583 893 104
773 943 326
84 369 435
526 387 880
536 698 95
189 352 896
21 946 234
96 666 3
366 376 314
759 245 986
393 582 922
84 64 495
59 616 790
745 167 940
54 947 309
351 193 391
989 839 760
767 488 175
470 454 23
417 588 961
18 731 716
20 101 357
251 525 106
537 284 738
309 669 112
621 521 733
9 946 683
374 181 869
762 13 572
855 878 474
114 239 745
946 561 963
822 589 114
905 576 43
664 604 773
858 331 174
885 869 22
259 294 741
645 26 151
948 585 662
490 600 254
94 229 750
836 228 54
113 544 834
267 677 480
949 216 844
258 382 185
519 319 411
980 120 700
323 533 198
291 783 928
226 154 490
686 995 732
899 17 703
466 903 755
869 855 147
377 850 137
286 480 70
327 582 624
474 157 918
609 770 735
968 22 152
920 998 672
455 809 468
812 935 125
785 651 755
152 225 105
429 759 573
182 25 419
374 84 783
445 304 261
602 516 929
391 323 404
373 823 508
617 642 538
137 732 337
452 995 408
698 852 113
495 574 905
125 130 657
860 988 639
254 268 930
30 255 989
568 390 94
40 792 680
243 656 907
27 324 86
120 470 305
41 163 199
535 30 262
988 981 660
213 657 346
790 561 842
804 284 868
470 364 208
292 432 464
580 765 636
654 557 716
805 614 702
203 614 462
621 830 697
931 874 427
73 872 845
273 251 315
232 197 704
652 96 914
811 84 846
728 552 327
97 808 801
775 777 613
737 14 106
840 27 975
543 152 504
489 965 451
673 251 294
653 282 126
580 250 460
885 183 207
822 678 375
268 874 648
913 858 577
746 416 331
438 784 326
509 779 574
429 265 703
796 762 429
926 445 900
245 274 44
263 578 743
4 535 119
130 490 32
472 966 885
55 491 139
147 486 384
414 102 187
51 733 867
400 387 7
57 292 947
238 405 479
431 117 402
93 140 834
561 2 811
943 303 282
522 914 740
502 872 634
643 493 152
264 250 658
151 520 712
677 984 226
442 261 292
315 478 539
255 444 340
274 791 431
267 50 608
80 995 706
907 770 488
133 624 778
521 498 819
768 919 242
961 319 766
489 807 194
100 384 522
993 449 237
680 843 444
859 47 442
791 474 206
699 105 722
463 921 335
113 841 658
58 804 988
197 907 973
762 821 72
578 575 116
618 1000 348
501 172 566
209 240 873
393 483 758
191 146 466
73 839 9
204 359 110
730 230 140
700 627 894
782 855 311
394 435 290
42 144 566
859 863 10
793 530 153
727 210 885
414 876 21
709 92 366
245 582 250
907 970 228
551 926 909
772 96 321
7 258 138
434 733 478
803 455 395
953 308 229
604 167 738
105 69 431
109 652 852
297 669 147
608 476 122
197 113 649
744 969 154
283 456 919
237 385 841
347 78 348
674 430 435
652 729 475
601 542 204
200 976 956
269 925 279
748 179 243
942 578 125
819 551 583
378 765 328
457 699 25
859 824 392
158 347 860
477 950 170
487 683 36
663 994 328
315 639 492
402 229 663
660 400 387
247 716 853
646 770 389
318 601 360
668 476 82
83 219 676
336 180 225
104 342 399
74 108 988
398 375 528
24 981 548
621 263 238
396 908 430
607 960 567
937 487 778
972 280 557
48 14 23
356 398 751
862 324 580
267 83 615
541 547 101
583 229 813
573 498 294
509 540 544
617 638 395
774 881 297
261 326 992
779 945 127
632 66 949
141 683 78
103 475 482
18 71 778
855 983 845
838 238 833
132 885 524
644 711 394
947 879 795
620 130 881
583 375 795
771 73 556
250 507 235
215 791 864
128 395 566
604 132 428
305 601 117
365 394 168
365 218 187
669 16 182
5 770 361
27 702 686
931 893 65
754 928 930
62 460 823
236 844 443
635 530 665
495 242 941
307 358 26
14 807 891
451 769 935
106 842 1
816 570 384
647 780 170
658 98 606
158 384 415
433 482 183
313 637 335
167 426 73
459 490 875
122 948 989
210 534 722
353 72 587
738 210 38
426 467 126
480 923 471
494 293 196
31 529 683
288 33 754
597 39 216
678 596 903
759 767 953
701 550 314
999 528 929
566 484 490
912 23 170
249 111 489
834 212 954
937 10 97
798 9 949
182 104 982
669 158 89
897 890 394
192 496 530
908 507 387
535 492 250
445 963 783
231 501 313
143 904 247
64 656 998
809 273 341
761 928 523
469 305 414
797 956 312
447 15 570
519 471 234
93 851 767
957 119 831
997 649 347
473 949 594
614 238 101
373 966 878
843 196 207
10 808 359
300 786 401
703 805 177
136 666 143
382 474 773
763 440 949
377 406 772
855 712 24
956 366 656
738 833 297
182 432 869
591 818 52
4 637 323
198 662 549
407 994 935
768 493 668
399 81 632
891 538 318
970 319 658
414 582 855
740 70 198
586 777 681
570 449 570
432 528 213
656 168 208
21 998 999
649 409 611
836 153 675
172 932 389
538 383 230
693 825 616
336 984 316
34 78 409
646 797 562
4 58 555
671 554 846
409 211 438
271 918 111
994 598 959
967 456 678
157 226 552
40 883 279
389 143 236
986 908 880
871 242 950
474 155 211
451 165 521
3 252 451
477 915 668
175 204 688
119 221 405
688 969 829
752 149 534
656 576 932
350 489 507
421 142 431
188 715 630
865 882 679
332 863 906
708 878 622
187 11 318
627 413 403
610 879 673
809 440 138
997 439 788
534 174 815
878 386 581
962 858 948
665 881 426
303 443 587
404 43 804
34 293 76
264 215 264
952 546 94
481 884 272
364 130 82
897 709 92
766 14 194
96 676 886
606 896 643
8 674 206
62 369 996
843 134 457
408 571 490
854 562 303
920 15 105
695 817 941
741 719 662
526 449 680
756 5 37
508 79 579
510 736 960
830 998 593
300 729 693
553 395 413
350 515 562
377 697 103
779 561 147
637 740 639
712 678 50
67 94 10
402 94 377
549 682 348
79 200 795
108 157 819
890 369 615
406 236 443
966 524 250
875 263 921
706 136 871
553 131 454
868 758 799
406 926 770
568 369 963
863 621 183
710 3 599
753 146 557
676 323 128
586 860 306
708 590 188
871 753 797
141 240 735
172 971 812
441 61 41
636 970 634
949 765 326
993 351 610
546 637 268
832 148 287
173 326 961
360 210 50
496 848 266
944 332 787
334 238 500
488 574 791
355 407 294
159 940 584
73 294 292
840 496 709
259 61 797
328 705 273
864 904 557
266 526 707
512 727 275
156 397 40
595 966 434
68 521 439
591 475 894
648 991 941
711 443 142
961 676 955
529 239 716
191 464 478
494 196 844
489 352 923
994 152 266
249 26 595
218 307 980
781 616 694
570 180 524
668 442 403
336 946 127
884 428 465
810 908 306
594 450 335
233 392 591
321 719 890
817 104 309
586 700 119
834 436 954
754 301 447
443 605 304
116 957 291
626 778 947
171 948 993
804 282 183
371 3 833
788 654 717
646 832 880
231 960 929
611 17 716
931 515 629
632 362 169
98 687 204
520 200 786
373 340 598
289 332 160
251 486 439
102 775 825
248 845 252
49 733 776
581 221 313
467 589 631
183 220 546
329 153 22
134 298 448
83 420 206
612 356 13
399 909 716
113 363 506
453 127 314
943 440 869
858 651 53
227 860 1
707 572 755
35 994 76
454 315 297
542 717 274
42 714 338
264 577 981
629 677 284
266 958 417
652 371 318
529 869 600
279 419 515
785 71 523
440 618 740
831 289 634
563 792 819
396 722 878
732 309 557
194 399 668
807 142 810
380 849 82
993 853 498
115 291 167
201 705 968
759 286 624
155 175 918
97 784 935
792 540 996
329 261 350
921 17 700
575 880 996
642 31 904
763 610 206
591 169 993
756 594 272
565 166 408
816 901 622
932 848 327
789 412 89
617 40 919
869 61 505
668 708 719
217 628 916
178 607 64
680 466 891
227 791 279
694 159 492
708 842 183
515 461 565
388 164 366
969 701 132
187 69 518
55 635 680
798 299 751
98 107 853
282 67 938
9 885 43
424 482 950
259 546 291
767 464 328
489 539 403
108 326 267
918 398 836
280 545 453
125 808 700
163 253 180
229 360 693
83 657 363
150 291 733
444 493 250
736 631 888
547 750 874
398 327 553
929 743 491
510 852 326
41 137 45
464 592 199
134 817 775
302 252 774
512 495 556
880 784 196
97 45 650
670 500 10
458 736 766
929 44 328
535 910 371
792 646 728
221 341 541
848 692 211
839 824 564
46 304 439
293 962 474
715 441 74
688 751 346
830 485 381
567 121 206
70 482 99
105 439 524
371 799 897
612 156 493
782 836 709
605 219 334
155 26 855
609 835 687
627 949 454
564 417 718
997 67 807
574 373 507
406 807 457
846 549 78
135 247 200
869 518 726
232 705 245
116 392 117
68 944 292
10 510 903
664 291 648
497 506 350
221 457 998
287 83 137
329 318 261
906 514 45
354 479 986
138 825 555
44 275 485
343 467 726
283 563 640
218 415 46
533 765 24
338 667 379
361 974 894
731 98 413
906 814 797
304 581 634
752 151 125
658 566 14
270 959 529
986 977 391
344 421 528
645 812 225
207 60 215
491 162 49
42 581 169
559 869 188
925 331 560
167 430 568
581 811 833
179 34 129
465 354 660
300 741 651
918 141 476
609 528 417
880 11 187
898 856 887
504 200 163
340 944 226
571 346 392
370 249 22
731 295 427
596 921 433
981 561 713
594 805 192
30 565 891
572 860 958
516 8 208
968 986 593
32 908 821
751 259 238
455 82 782
611 795 623
506 240 602
260 423 930
896 483 862
825 8 50
344 159 444
944 51 688
682 896 619
896 330 8
158 344 397
278 52 853
517 699 526
320 596 797
371 997 307
110 834 459
193 634 871
83 211 298
694 699 121
886 734 899
600 951 335
457 232 861
732 236 61
598 810 120
531 297 463
458 196 184
835 254 81
812 727 809
778 550 756
46 588 71
270 640 642
863 172 908
177 29 909
869 349 229
240 476 44
902 72 119
136 714 870
808 69 356
782 622 103
648 332 722
239 302 278
487 249 962
687 663 76
623 868 746
357 833 945
429 538 267
864 184 496
343 6 336
960 39 7
788 908 189
548 124 149
967 44 873
702 892 812
289 990 804
590 384 78
142 671 489
389 491 693
556 605 705
716 862 521
741 530 405
571 561 485
497 800 337
232 562 226
933 521 786
152 899 182
54 90 89
205 821 572
799 593 616
961 873 722
300 202 276
932 57 166
476 47 134
299 710 250
36 224 275
586 223 680
712 747 819
711 278 484
681 130 965
21 138 335
806 392 302
956 214 401
993 726 513
189 461 779
212 950 652
837 809 318
72 399 867
122 235 863
236 305 594
550 960 613
210 691 23
614 430 762
69 276 965
902 877 48
589 161 86
500 234 712
387 323 579
578 477 237
867 851 227
797 469 480
179 456 548
573 599 921
624 535 969
668 824 87
862 54 821
988 800 701
429 742 615
471 821 860
204 896 559
961 596 146
279 943 260
696 912 271
901 214 509
190 136 669
383 182 680
631 441 26
235 295 77
452 87 897
557 934 759
634 103 417
377 426 984
658 110 66
167 22 875
809 937 600
290 450 966
565 629 809
97 609 794
85 41 424
36 122 598
191 115 777
448 297 40
70 153 902
233 860 380
380 732 113
747 249 610
111 480 849
218 918 49
579 967 938
983 782 277
837 425 887
877 552 402
195 388 585
416 745 523
851 10 892
863 638 59
26 152 472
289 384 283
153 19 34
687 165 116
804 500 915
202 451 436
307 342 932
296 660 745
637 230 366
366 423 578
79 305 152
744 508 642
461 894 117
683 470 206
480 692 639
573 145 60
498 751 438
952 710 262
613 515 215
799 314 252
972 19 631
449 259 91
765 960 168
613 938 282
470 714 499
801 132 58
812 88 440
472 56 780
550 110 622
369 359 952
518 186 413
55 486 986
227 521 22
741 951 337
189 579 239
645 344 569
553 271 155
729 413 275
11 78 29
145 795 255
39 972 928
9 560 806
268 72 623
93 90 25
567 996 35
700 940 226
269 951 286
968 816 308
855 63 308
219 439 942
904 616 65
320 374 504
809 755 679
156 802 283
741 454 781
290 948 786
752 95 76
797 599 836
446 440 227
631 622 149
354 673 258
244 455 57
480 350 481
313 856 88
175 807 651
501 362 271
681 343 590
634 917 369
558 854 624
752 980 129
372 363 641
567 703 166
69 557 225
431 952 891
22 451 19
648 926 173
480 283 987
714 948 664
443 866 383
301 574 156
445 469 88
607 282 794
511 760 290
869 869 202
225 238 7
20 983 48
532 958 419
977 887 481
740 753 402
836 100 390
284 921 962
73 134 420
203 752 190
613 803 463
860 694 801
445 42 211
172 286 65
859 658 973
257 624 260
559 409 177
173 537 848
355 959 490
154 314 135
836 194 110
683 246 726
870 270 442
745 208 479
285 180 258
792 346 396
916 787 528
65 189 680
148 964 129
774 393 619
597 759 51
393 889 139
489 749 201
274 86 782
965 928 104
254 50 191
147 550 514
889 773 121
76 532 189
615 40 801
288 526 355
447 360 93
534 910 845
405 843 396
800 465 902
382 635 64
124 990 494
499 425 89
957 667 376
360 224 198
830 408 285
819 870 789
708 126 681
205 907 62
497 523 154
892 491 673
466 153 886
821 325 450
655 178 962
907 65 623
637 125 314
634 872 483
106 741 416
716 993 569
457 800 604
452 904 588
349 379 104
593 125 460
66 864 591
954 987 610
771 890 962
836 263 805
715 174 759
271 339 467
742 469 202
597 862 807
211 534 80
298 768 38
546 29 105
681 869 439
958 122 817
672 126 75
783 834 567
265 832 173
692 630 543
351 670 5
280 352 225
963 350 810
314 429 157
212 642 311
63 156 582
213 395 238
722 465 327
918 631 514
77 717 155
988 640 759
574 712 480
161 987 149
852 209 690
58 932 424
43 926 297
945 481 27
852 873 880
826 397 766
64 246 400
955 840 992
944 510 498
640 470 189
939 679 119
765 748 344
329 844 981
454 896 748
463 894 772
677 591 720
901 369 63
171 457 568
450 938 172
116 779 282
252 775 866
11 454 828
996 291 136
359 437 237
840 734 402
684 914 77
124 970 77
827 314 294
197 891 325
539 551 546
813 601 345
466 913 1000
328 847 642
663 498 662
358 364 416
78 924 645
942 840 146
787 826 307
211 469 75
699 368 28
752 82 291
489 108 767
471 768 139
192 690 316
314 379 787
732 47 617
552 928 833
215 141 461
991 431 55
248 858 768
109 121 582
323 561 571
683 455 305
211 351 596
340 678 68
15 8 606
155 937 433
944 229 333
265 539 264
153 43 454
875 781 176
680 298 602
630 199 810
700 763 971
335 545 906
286 716 125
663 152 302
960 863 980
563 968 780
521 350 515
807 487 552
874 457 757
127 843 323
647 310 160
909 831 842
350 757 834
623 25 820
128 62 904
523 733 184
228 466 476
974 605 943
939 201 597
754 981 819
57 828 780
442 260 775
523 613 465
831 785 717
725 259 437
494 726 874
662 452 502
475 961 224
201 353 271
725 756 355
829 445 716
445 425 281
68 425 450
214 681 786
622 594 8
121 201 774
382 794 874
382 755 843
322 630 740
954 548 598
185 829 784
181 118 97
592 787 360
881 590 445
67 838 897
428 930 531
903 813 340
801 140 194
70 773 571
473 357 81
178 561 211
118 453 969
900 872 580
79 558 979
61 644 555
333 147 275
153 906 162
216 197 229
200 210 180
523 356 361
344 479 696
268 294 711
222 951 445
690 85 176
709 437 434
597 895 343
34 788 881
832 691 696
491 511 544
120 905 503
947 419 204
15 426 27
958 575 832
609 241 50
339 369 577
149 898 976
500 38 984
924 156 639
900 526 455
850 248 468
590 157 478
577 616 81
177 601 212
279 838 607
540 542 865
669 346 576
438 660 977
562 894 265
437 831 52
350 397 267
686 704 955
459 934 351
626 688 701
807 839 602
385 896 67
387 178 399
397 781 359
28 259 443
727 238 431
989 391 200
624 244 884
348 779 693
137 214 138
189 845 27
862 608 388
807 824 888
411 810 376
948 983 324
937 82 221
421 758 197
181 178 962
251 201 74
344 129 45
640 216 178
536 343 874
681 883 882
574 538 656
485 182 378
184 540 523
121 284 749
671 604 612
181 965 827
639 534 725
45 968 374
240 527 60
738 934 672
91 305 127
967 696 867
958 860 186
366 13 536
880 158 663
103 864 264
539 927 362
901 819 486
371 901 191
321 853 625
194 736 135
832 61 747
625 878 454
628 205 458
41 857 34
433 274 89
99 731 608
865 475 694
331 918 420
719 751 242
676 101 770
785 264 209
310 805 797
747 169 668
503 208 286
304 428 498
99 117 232
342 453 239
527 900 785
207 876 583
667 285 726
520 48 327
177 318 90
600 70 433
595 932 956
461 149 745
477 508 723
922 528 811
37 557 357
684 690 927
889 638 37
754 843 301
765 515 774
319 799 793
212 848 586
260 429 687
973 417 441
596 412 412
898 927 580
714 582 928
997 897 108
208 838 339
390 720 32
717 919 563
40 506 789
545 859 71
51 644 287
561 157 287
130 915 758
148 959 946
522 676 333
305 926 250
166 458 612
508 458 894
792 404 149
200 43 167
373 148 931
762 751 149
749 750 879
817 598 405
238 951 32
50 138 661
155 862 35
758 244 190
224 799 432
111 361 289
648 757 269
13 832 983
255 201 479
791 739 766
241 268 170
506 760 116
513 697 990
568 713 49
669 123 985
547 767 435
512 831 722
883 354 754
30 452 83
705 131 691
397 667 849
696 999 732
41 367 797
595 744 852
646 642 177
3 152 477
55 42 567
145 895 764
488 83 344
221 305 497
102 822 253
183 807 267
517 616 68
771 118 463
623 863 107
829 900 969
301 260 869
542 607 346
151 25 376
577 300 123
966 32 389
589 37 233
664 339 983
170 224 490
330 306 552
358 141 637
632 884 733
286 518 273
158 895 778
369 523 932
401 765 611
979 411 281
545 977 295
133 244 909
604 235 940
790 167 295
536 703 295
411 540 115
351 947 211
925 122 499
104 861 516
144 606 3
47 938 383
238 201 273
370 629 890
642 396 357
808 606 403
539 270 274
687 806 374
57 555 974
856 330 661
82 271 513
7 772 945
744 106 500
31 939 55
332 377 170
951 616 68
782 473 653
365 185 806
404 895 604
273 298 282
351 996 17
981 544 123
975 581 261
88 945 871
477 234 607
303 607 455
971 240 486
795 687 986
94 269 570
438 139 931
712 965 274
940 831 972
991 319 711
338 120 91
50 634 432
576 103 140
125 105 472
726 32 900
740 570 56
568 598 534
869 255 729
598 929 278
9 690 577
516 915 398
909 8 706
152 94 217
592 497 202
906 165 466
633 49 451
720 775 464
661 362 901
371 753 633
387 891 900
846 432 505
650 303 14
221 433 49
485 34 934
239 19 513
103 328 135
670 166 287
952 717 466
204 119 681
369 247 285
647 524 237
834 112 617
445 632 656
164 960 764
34 99 434
196 543 684
642 134 213
659 294 900
413 88 387
379 971 260
105 576 837
358 325 378
964 32 722
764 856 919
8 717 121
556 994 492
768 879 689
563 585 548
177 785 670
190 772 633
367 743 835
863 199 479
99 977 804
846 397 523
91 428 972
445 817 336
307 52 819
160 512 492
399 62 101
106 122 972
902 424 573
76 631 264
577 459 962
247 98 873
702 923 188
548 460 405
225 198 262
10 735 631
563 398 825
9 753 157
333 559 6
964 945 486
766 876 478
720 272 717
634 383 400
43 173 174
270 904 680
933 170 688
316 699 628
71 344 383
528 383 353
126 570 120
548 712 16
737 980 861
903 427 793
911 533 74
309 20 306
292 331 486
168 409 989
549 60 301
584 923 929
237 528 834
771 623 995
777 647 41
352 220 625
658 5 77
787 495 120
957 659 994
447 292 643
118 321 710
464 97 113
176 658 812
31 745 1
606 326 243
62 332 763
258 227 82
269 707 677
981 415 343
90 75 714
916 180 537
929 277 300
361 5 989
443 971 155
252 357 709
556 553 79
372 279 773
859 575 70
521 361 890
171 945 899
821 736 115
530 628 197
675 449 631
617 820 531
362 446 555
347 710 406
640 182 651
219 565 676
835 294 509
994 341 622
125 531 31
710 863 325
494 128 807
124 717 561
789 138 288
188 557 796
908 883 167
314 331 992
663 705 979
479 993 639
360 126 847
380 565 940
447 116 397
138 4 899
161 146 56
47 260 223
872 651 155
136 280 727
520 116 309
969 523 818
552 548 86
390 756 35
452 714 743
310 214 885
704 909 747
441 155 533
741 454 847
91 954 887
706 661 334
634 312 484
634 504 307
243 178 669
974 477 725
299 324 223
538 9 268
744 474 649
29 992 258
685 123 73
389 529 530
156 746 716
233 881 464
292 380 156
113 296 992
29 362 429
173 218 864
751 98 985
246 70 90
87 562 786
622 49 377
552 321 601
751 278 353
344 527 152
327 190 770
922 492 576
150 37 584
164 235 295
326 921 525
395 764 567
740 827 405
216 391 221
694 216 368
10 302 286
801 23 812
643 65 437
458 588 437
515 425 749
151 707 303
3 389 843
400 663 649
40 974 788
694 345 104
121 338 871
413 478 296
768 114 852
690 483 413
505 802 984
115 478 125
130 377 366
758 506 730
547 263 915
377 174 776
633 622 677
360 480 271
695 89 574
626 388 440
816 368 612
102 191 800
700 900 902
735 872 233
926 660 888
974 654 424
617 332 49
794 287 331
215 407 782
29 655 177
115 129 241
179 625 527
430 550 157
160 562 720
915 813 641
344 986 186
341 247 52
500 8 121
487 798 143
196 875 810
915 132 713
896 668 635
386 658 960
868 846 604
760 92 32
760 194 71
517 812 407
89 679 659
139 125 453
888 587 899
271 13 901
496 886 102
678 253 354
575 115 964
595 975 545
681 60 685
865 553 389
262 532 152
519 431 458
742 885 473
483 852 365
718 980 561
959 633 934
597 724 682
959 736 275
195 970 925
201 59 275
45 230 759
89 360 502
664 619 81
615 335 331
325 695 669
428 55 322
676 610 930
181 121 153
638 382 559
425 552 757
871 675 469
34 884 377
508 609 139
519 580 957
809 41 635
776 256 110
180 455 87
207 382 177
527 522 546
265 454 353
510 914 999
677 740 420
173 253 698
48 176 937
355 394 846
742 420 580
878 184 413
912 189 560
680 803 435
811 676 186
726 301 543
208 497 271
462 95 888
72 79 678
275 383 466
977 751 826
213 55 256
803 359 970
230 416 368
301 323 982
623 994 981
169 204 976
563 22 740
855 897 291
55 142 8
431 245 927
301 420 489
222 472 700
890 394 442
167 625 719
524 928 991
866 582 127
367 688 215
652 301 109
694 636 475
965 209 592
334 481 668
667 36 736
447 924 573
170 610 461
436 400 268
613 949 676
96 554 583
841 590 561
99 904 651
765 894 846
481 405 584
954 123 603
448 480 559
345 513 189
533 192 489
816 318 528
50 170 25
378 66 35
65 765 983
152 878 362
458 695 506
980 843 427
985 351 645
264 450 379
187 774 404
209 164 47
127 935 625
913 734 611
451 451 253
282 408 879
533 705 618
242 964 441
516 582 924
861 793 905
510 696 783
596 637 259
742 131 561
608 363 653
792 223 191
896 197 25
168 577 214
645 313 509
485 485 299
606 459 741
722 47 753
957 242 182
137 83 752
189 894 88
484 988 390
325 514 547
444 648 170
62 574 657
642 38 943
608 146 394
114 624 186
848 330 813
915 195 101
708 154 151
951 231 922
378 899 683
340 671 675
633 569 580
170 187 964
843 688 59
263 363 792
236 555 115
547 212 494
902 142 996
427 403 767
955 506 615
229 756 167
267 869 684
993 132 422
851 209 526
531 161 780
503 878 519
106 235 695
148 378 123
915 498 247
354 681 623
613 659 483
787 699 983
714 119 134
62 448 69
938 138 186
177 900 832
104 24 561
948 520 365
71 828 896
888 638 87
665 504 420
248 782 217
505 483 626
400 549 267
485 881 530
281 732 958
904 329 591
153 21 415
100 274 952
379 512 425
211 335 624
491 63 893
29 662 290
665 531 459
399 702 3
759 292 571
286 288 6
405 377 479
516 413 888
112 251 294
353 2 633
122 128 199
243 380 573
955 177 530
892 968 73
713 350 558
815 689 506
648 8 100
944 147 158
892 355 649
281 549 485
928 462 662
631 198 208
674 395 921
461 270 680
367 135 561
794 907 490
247 462 174
507 167 801
674 586 161
656 789 57
421 702 137
369 1 924
692 35 982
68 97 306
997 43 190
208 121 659
887 463 40
149 913 842
442 110 204
457 412 411
307 787 646
912 475 254
394 748 194
644 898 857
285 845 708
393 979 251
322 921 594
980 369 133
979 709 647
541 686 576
143 796 992
694 308 429
406 518 803
105 32 750
914 571 622
147 658 525
112 12 950
702 512 170
342 541 3
468 677 430
859 27 364
460 913 93
830 964 908
410 833 253
267 10 86
723 750 573
325 16 887
602 981 878
734 601 273
446 169 250
170 483 724
403 320 237
159 265 598
177 95 112
749 801 448
975 518 904
996 294 583
11 931 468
454 16 559
111 169 178
475 885 761
240 950 590
905 43 362
966 955 353
119 672 627
775 307 997
49 110 49
155 26 990
679 407 439
607 371 80
197 445 835
122 701 143
821 152 526
206 373 906
500 328 975
862 548 541
194 196 641
979 677 180
184 448 80
687 54 987
651 438 213
113 421 492
765 437 228
878 820 462
456 319 411
950 767 840
345 689 88
106 998 441
174 596 885
785 845 360
677 773 196
148 652 381
185 889 468
365 764 851
345 853 959
99 518 547
398 941 563
27 345 752
915 746 418
618 968 119
947 797 467
152 426 657
790 672 95
775 709 129
310 635 613
143 821 126
993 728 690
381 444 223
172 931 990
607 903 158
758 10 50
446 898 932
379 399 898
838 584 687
647 343 230
251 187 590
546 90 294
860 786 515
567 882 467
861 930 969
189 410 514
171 994 480
777 505 229
311 700 436
633 490 760
140 276 578
131 154 259
407 647 686
972 378 809
793 676 784
349 640 904
153 484 976
789 698 611
540 342 595
297 168 769
921 710 801
873 63 653
225 158 217
875 428 740
961 294 244
841 758 145
398 934 864
238 61 63
466 524 149
743 838 818
624 284 990
385 344 848
924 745 348
74 389 428
451 622 999
802 901 322
468 388 843
172 246 751
789 679 512
259 471 135
624 935 24
388 448 142
815 760 619
1 809 840
775 513 522
127 391 1000
834 828 69
952 418 327
142 123 913
683 982 345
937 541 487
456 919 624
760 473 441
403 877 34
839 816 573
954 899 686
715 293 207
655 686 682
724 991 99
497 80 416
938 204 828
239 840 682
466 421 612
308 513 37
797 142 554
779 200 593
183 461 560
12 157 204
523 449 533
314 369 815
949 178 495
493 203 152
302 169 767
847 402 796
321 4 128
105 486 39
738 180 994
327 617 303
604 903 703
128 757 760
189 979 319
482 981 983
151 840 815
655 164 184
997 922 160
742 533 582
239 476 808
386 322 795
761 402 632
363 438 70
768 588 865
292 754 691
225 874 243
279 887 363
581 760 930
737 285 84
732 422 445
423 689 593
622 153 53
83 527 710
811 393 177
711 919 234
433 523 327
995 769 808
368 524 363
238 922 64
155 113 193
631 954 148
245 648 517
4 454 435
16 841 34
50 636 444
936 499 383
86 20 524
654 44 298
280 560 67
285 421 404
194 132 914
406 227 408
205 976 596
271 700 844
121 358 814
844 625 941
830 545 82
686 150 600
15 249 25
470 151 280
455 877 347
816 450 424
943 519 258
138 598 725
301 962 765
579 548 604
792 78 887
15 115 717
824 923 623
621 953 130
822 610 574
696 500 991
52 279 831
530 410 524
838 584 189
970 131 11
542 695 288
899 469 819
926 237 404
518 486 295
15 578 676
870 118 887
45 169 780
537 792 286
963 289 586
728 371 24
47 686 658
479 359 180
740 125 776
216 89 541
917 869 187
921 928 355
10 889 221
225 357 615
519 300 621
343 592 142
928 891 899
18 712 74
249 912 166
239 220 571
499 940 176
987 757 442
308 713 256
37 249 419
124 713 917
40 163 578
590 374 873
94 226 305
792 677 390
383 92 15
92 17 635
480 326 625
461 572 896
5 419 710
313 221 602
144 890 896
913 19 304
331 363 317
935 387 511
928 969 125
395 821 963
723 432 94
424 477 420
763 724 558
289 242 367
421 844 369
858 252 662
498 848 267
805 360 8
494 137 31
834 430 651
482 953 762
450 243 97
804 42 393
553 8 126
566 509 326
565 395 763
535 565 291
187 676 26
219 600 31
205 714 20
972 395 187
837 119 965
776 154 483
700 441 171
858 783 947
797 635 338
876 464 424
347 715 795
926 565 364
680 22 149
465 554 63
354 296 911
569 459 573
699 499 527
411 287 994
774 839 254
97 454 630
158 519 93
705 737 389
270 103 188
430 776 656
301 663 711
705 708 416
970 508 626
357 684 783
998 45 837
412 605 198
249 135 94
991 897 883
434 535 360
159 724 604
835 383 698
439 706 767
893 946 348
148 290 907
855 170 761
864 914 312
472 607 495
158 685 49
17 137 612
179 184 138
718 977 62
840 40 522
653 434 315
463 45 404
605 146 530
711 816 852
42 314 73
149 498 626
642 951 832
638 722 996
428 522 240
651 873 347
544 1 331
612 101 830
775 780 239
963 115 625
814 888 160
336 992 755
325 990 656
206 951 377
326 886 200
195 620 75
682 953 61
105 520 873
855 30 120
569 744 305
593 140 244
413 309 813
21 27 511
282 612 584
828 562 900
909 576 11
569 989 640
643 405 570
382 646 279
530 408 747
80 518 271
671 226 329
299 155 744
180 737 776
209 18 996
536 744 489
140 298 139
640 83 734
718 82 714
189 916 868
364 796 526
582 769 688
360 638 460
584 79 115
856 636 821
95 897 929
306 900 442
555 251 596
616 301 865
855 685 667
603 751 129
853 817 609
443 847 918
902 382 413
903 178 999
895 537 936
122 684 955
54 613 632
979 989 141
957 148 846
770 534 768
632 470 99
815 132 218
181 677 40
618 419 20
946 510 155
935 145 529
932 781 208
60 300 884
492 441 238
827 261 814
224 391 436
501 656 912
736 765 498
68 323 35
743 100 690
671 41 809
143 654 79
551 253 811
346 732 938
58 692 839
891 93 480
356 83 183
753 239 230
163 700 171
735 421 92
792 345 107
676 123 536
771 304 139
445 922 214
533 183 982
42 667 335
232 754 269
948 417 132
45 613 58
490 3 89
760 971 921
795 511 224
454 155 221
841 136 562
74 685 203
974 13 645
272 705 36
544 256 606
877 77 703
305 394 102
894 970 528
576 937 348
504 145 204
531 154 530
602 83 479
143 755 59
338 83 796
790 712 803
302 285 466
815 821 795
480 187 648
339 319 625
635 911 185
151 972 486
599 92 757
50 455 243
542 28 475
401 755 943
236 140 734
420 968 353
431 193 34
952 902 875
220 647 397
747 954 996
187 703 319
904 925 373
819 874 506
230 136 252
566 851 875
76 846 330
24 603 441
101 611 234
469 921 332
565 135 471
677 308 450
815 986 727
91 250 720
978 776 208
714 240 883
667 83 129
199 253 192
52 695 806
919 785 714
300 473 242
455 985 676
320 930 68
292 621 51
795 564 321
211 6 835
216 781 497
801 914 473
157 679 652
112 767 427
721 484 156
874 132 774
794 570 463
24 239 533
508 817 551
9 105 673
611 163 181
521 523 420
376 122 347
50 458 675
132 260 688
537 634 475
971 337 102
504 477 745
699 9 445
419 638 133
895 650 530
625 845 99
467 62 689
70 620 25
913 303 499
193 29 544
751 577 542
93 411 46
944 761 667
281 434 689
456 100 719
621 984 319
922 96 954
113 587 325
591 112 19
540 131 796
241 905 338
559 2 670
212 410 850
531 626 294
836 516 401
59 55 751
505 131 678
407 139 95
577 582 604
839 673 712
374 983 938
961 347 202
353 396 749
962 781 685
722 935 117
340 671 737
523 794 727
84 116 538
15 927 136
250 865 495
65 966 426
922 196 239
139 558 668
239 51 539
727 395 884
404 432 962
226 602 154
438 862 311
206 508 597
960 748 410
898 838 795
782 527 846
329 339 954
27 154 560
963 22 988
