1998
199 826 706
636 266 50
633 160 67
124 40 390
843 855 747
826 344 366
405 314 494
311 866 933
798 935 822
30 252 414
217 704 32
625 823 632
6 217 29
999 145 305
232 906 676
549 769 569
61 945 425
855 943 797
139 61 385
611 642 434
111 555 404
444 884 461
718 20 854
768 642 975
639 382 985
645 690 366
827 221 485
136 428 847
515 658 499
419 322 921
601 296 769
835 421 782
360 474 426
828 120 744
592 279 653
121 837 313
679 168 390
875 272 240
177 85 609
377 512 793
707 578 589
338 655 560
881 183 912
630 478 852
176 122 520
669 371 386
819 812 562
835 126 560
304 779 391
769 952 244
686 168 141
242 958 559
829 827 430
517 457 14
285 510 874
661 823 442
70 639 602
175 53 605
297 411 494
619 236 864
370 576 397
554 182 204
430 762 327
390 945 245
349 226 967
411 545 646
242 661 353
280 468 433
808 108 863
737 166 642
669 681 107
253 586 245
584 320 78
828 599 549
786 941 517
66 717 683
577 736 408
134 905 387
779 622 839
701 688 493
664 422 883
245 439 192
530 473 686
212 562 523
255 66 800
790 333 359
176 173 261
367 203 772
900 905 264
403 141 729
924 148 875
760 789 133
249 972 447
288 507 153
929 397 166
71 648 293
710 48 567
173 327 487
430 45 730
680 461 245
589 8 870
432 634 532
309 927 488
37 150 193
781 483 764
339 473 201
451 12 110
586 736 711
965 816 284
161 692 80
301 592 169
168 481 747
250 394 457
260 164 57
543 985 708
358 614 21
980 731 193
475 827 53
690 749 2
484 574 560
959 526 409
612 741 13
541 639 415
360 24 560
621 157 176
175 822 191
21 165 74
582 170 77
159 96 6
970 351 541
879 167 61
54 958 140
157 997 552
824 878 966
101 89 856
103 694 393
957 1000 724
350 379 611
922 868 402
90 637 380
820 295 531
141 50 1
354 68 775
529 178 818
665 328 698
485 817 372
570 998 389
507 228 870
864 177 798
902 502 542
402 969 807
640 480 646
880 832 331
273 190 553
522 957 436
341 291 633
671 143 299
353 191 110
600 79 833
783 548 866
114 256 917
589 278 366
121 422 405
858 650 433
887 427 328
568 33 739
131 892 859
440 427 239
277 133 882
727 348 232
48 244 315
246 706 417
962 968 674
936 28 326
160 263 884
62 630 919
35 992 830
24 126 755
819 432 371
978 228 374
233 888 387
833 13 773
72 573 664
128 126 900
238 202 4
937 293 584
308 513 229
375 695 28
403 787 610
615 301 767
413 542 108
510 628 462
468 706 535
320 881 57
33 642 512
147 37 211
58 989 334
150 79 635
380 409 284
468 878 817
897 82 484
250 190 148
959 740 750
6 721 399
56 755 823
164 629 958
500 1 938
137 808 691
663 281 593
486 293 56
77 38 216
727 1000 819
190 834 633
640 253 265
876 143 343
308 242 158
562 619 364
461 551 619
800 460 611
277 902 31
255 912 994
898 855 652
323 52 565
60 638 385
997 972 595
763 224 438
165 34 619
665 926 771
945 851 47
618 447 288
881 821 915
981 179 99
168 671 744
102 570 65
978 519 103
403 798 968
742 729 300
901 800 666
461 896 468
992 65 28
501 509 492
606 733 223
612 913 879
849 200 558
136 734 334
944 170 539
107 877 798
432 234 192
633 547 803
480 959 342
281 176 577
88 295 930
83 277 484
398 901 139
478 312 914
881 13 377
945 472 879
809 179 709
27 887 534
693 461 197
615 605 879
879 843 318
312 718 744
579 832 343
618 310 803
559 290 693
973 363 664
956 678 42
910 689 708
403 96 541
35 77 70
530 156 678
49 900 944
635 382 146
978 138 660
121 390 303
877 634 408
479 875 708
303 917 637
700 916 120
627 60 298
781 340 618
384 915 638
98 592 362
510 903 929
71 382 126
290 965 512
574 892 622
67 803 242
282 378 734
537 741 466
885 706 289
734 370 972
922 806 109
727 753 109
363 348 124
209 518 689
347 581 387
131 566 720
339 809 310
212 475 707
518 398 835
391 678 536
685 931 558
529 60 447
102 341 22
222 839 60
253 374 498
967 808 474
33 187 902
301 755 879
355 867 248
800 419 304
833 761 722
960 251 71
635 868 836
932 241 999
629 974 399
708 492 249
380 299 169
929 767 210
710 8 302
267 649 960
496 719 674
325 153 879
834 533 562
642 379 23
240 772 801
910 71 201
197 569 303
159 483 648
878 20 492
868 900 192
183 996 542
811 636 195
994 587 272
960 808 440
341 969 861
892 748 683
715 853 951
105 998 563
351 611 355
450 76 277
26 902 383
867 731 768
69 203 282
349 879 149
920 565 364
565 504 404
379 511 89
582 250 83
765 168 427
961 473 579
460 365 258
909 181 220
597 472 248
268 572 236
254 979 951
502 158 19
356 733 626
355 998 426
223 5 952
568 811 882
862 105 909
549 493 107
348 793 84
78 553 515
211 953 741
186 779 722
95 736 646
901 371 811
581 742 505
160 382 790
545 786 586
303 296 560
210 444 488
393 868 454
287 201 683
627 76 417
387 253 900
163 560 242
937 683 705
636 446 816
937 361 330
139 861 376
11 277 195
689 5 831
456 214 823
698 405 822
983 563 229
87 14 894
951 129 667
678 908 244
570 389 716
579 179 282
658 207 492
780 848 585
105 330 572
89 340 19
576 75 599
297 77 593
331 594 824
910 828 568
744 907 474
392 605 697
130 258 935
471 365 156
912 556 631
959 882 993
254 717 571
4 892 349
40 228 418
476 113 346
713 33 586
167 933 94
29 931 448
317 845 755
400 111 935
282 325 717
430 553 744
543 115 946
877 705 366
546 124 59
692 178 729
568 220 322
179 5 953
813 794 366
759 406 173
414 905 876
992 440 129
439 155 767
59 789 182
257 970 110
351 825 891
554 564 888
440 589 64
332 66 800
914 659 557
441 89 530
842 314 887
435 265 611
704 408 217
836 867 297
222 960 50
90 73 724
67 920 953
732 154 557
912 888 698
839 339 205
594 183 528
394 701 132
144 663 13
183 860 333
126 301 854
469 919 556
79 540 179
263 557 596
511 758 298
346 306 508
747 430 771
452 270 529
28 747 553
292 969 550
157 666 409
51 723 950
228 429 641
808 322 66
953 915 345
264 967 259
320 134 868
359 288 316
485 513 971
998 129 417
1 145 81
896 132 524
8 197 335
650 105 16
251 830 579
310 220 216
130 82 471
395 383 868
380 120 386
972 177 768
624 244 859
315 640 871
237 540 126
864 484 46
706 778 498
708 841 430
452 751 800
880 916 865
757 374 930
973 158 985
834 265 980
228 114 403
475 596 584
137 736 400
347 951 59
118 905 781
741 843 328
619 776 537
24 514 320
747 357 37
38 58 853
114 155 112
94 289 629
621 903 18
368 495 60
206 664 729
414 125 968
578 52 487
343 97 784
897 17 981
734 785 594
669 872 271
285 460 785
104 375 621
185 731 940
770 761 713
671 996 119
59 787 574
510 140 500
819 708 168
270 600 689
202 923 623
908 146 427
563 655 145
971 187 12
951 813 814
635 923 128
915 953 956
665 605 315
455 823 82
612 944 379
438 453 741
472 83 880
100 623 51
873 923 425
360 489 913
92 426 222
959 334 592
996 840 286
801 895 394
595 125 784
708 611 845
933 542 875
667 889 555
844 725 354
630 673 652
36 185 468
768 775 779
683 245 987
155 535 323
595 941 852
885 611 289
864 38 776
333 542 390
174 317 277
437 247 390
83 997 106
206 636 279
457 22 505
217 295 756
738 37 421
192 528 561
452 657 10
43 41 127
727 605 533
26 486 781
977 417 449
53 376 871
23 882 335
646 324 424
797 262 528
843 749 24
165 632 453
939 586 313
849 321 287
66 871 264
169 732 81
945 196 179
981 739 560
437 63 285
540 396 193
772 697 710
879 3 615
531 294 233
932 121 301
63 529 405
266 12 972
905 56 792
582 426 807
727 68 465
452 851 509
409 597 96
145 884 224
525 984 919
872 606 345
489 738 348
34 944 110
783 770 593
663 285 649
756 466 784
851 867 661
834 57 122
237 702 138
135 133 765
350 28 220
367 700 874
321 70 766
555 879 517
92 529 355
136 542 850
625 780 376
826 555 670
882 613 732
698 317 227
522 750 337
133 457 176
757 698 813
626 527 383
174 657 453
7 473 381
833 785 662
489 268 460
341 556 157
820 465 984
565 532 203
554 372 705
454 800 93
513 113 947
764 996 873
859 635 142
533 519 871
283 856 270
416 630 289
148 459 312
726 638 65
664 886 47
949 862 860
256 123 359
24 985 686
378 676 355
168 967 376
518 234 678
184 425 806
236 446 657
234 540 881
515 937 69
258 480 256
554 595 24
754 229 206
221 201 644
767 108 806
914 704 415
78 673 541
183 590 156
164 587 669
890 926 699
799 500 609
695 122 224
355 976 966
441 829 892
599 256 933
698 647 130
78 253 557
384 990 523
293 841 1000
510 708 184
992 231 643
787 74 98
25 804 567
843 352 629
128 846 560
288 163 37
49 354 311
154 80 452
131 4 630
268 218 231
105 659 866
956 245 790
349 183 16
897 572 814
660 768 802
184 829 368
714 396 102
62 573 28
138 875 70
852 752 575
953 989 4
803 320 350
293 577 995
369 166 530
449 262 657
704 895 619
50 189 520
899 135 771
150 32 652
642 926 735
573 734 870
191 274 815
625 153 935
463 185 156
159 458 989
866 839 809
289 310 631
669 126 854
506 803 90
64 887 718
36 43 634
50 568 760
328 974 122
148 55 483
453 836 298
811 470 583
712 452 977
796 855 463
992 250 286
103 779 375
157 443 897
541 50 573
837 294 381
709 966 884
258 287 484
698 598 523
646 801 307
147 700 123
319 616 669
414 743 167
445 719 708
526 526 228
740 757 364
883 961 836
675 620 750
328 145 149
777 796 708
287 446 648
958 934 532
883 810 354
691 144 255
51 730 747
578 454 91
322 743 305
267 315 350
553 311 417
483 693 597
548 798 964
839 711 334
976 553 109
999 206 492
333 437 597
992 170 16
527 218 693
98 22 993
799 68 781
672 551 108
832 717 788
85 399 334
353 309 511
700 989 536
899 56 943
542 611 334
819 688 84
117 920 181
614 354 58
468 830 933
415 694 946
877 777 619
765 693 170
187 231 392
186 44 329
351 85 527
569 490 769
695 225 157
989 987 816
599 187 325
382 285 956
491 796 94
18 758 852
36 534 677
824 669 229
492 219 799
554 610 859
745 204 343
134 799 425
381 701 592
424 756 754
81 197 517
200 752 127
655 502 368
202 266 461
636 225 286
475 317 678
592 740 820
402 1 342
230 737 191
62 632 741
101 290 620
976 569 119
146 591 888
42 585 272
750 161 364
628 1 672
867 787 321
593 379 825
749 790 539
391 981 644
358 599 102
522 779 875
642 1 222
829 435 674
373 377 211
555 146 805
586 456 12
833 826 118
519 290 226
472 179 3
375 9 892
738 649 661
690 190 629
480 165 925
567 720 501
114 174 952
756 888 366
733 51 886
936 124 490
722 104 27
761 385 886
480 736 658
300 468 568
278 293 81
967 814 119
865 547 469
620 651 505
491 404 919
373 250 487
104 951 766
777 127 711
481 486 77
949 848 436
305 184 69
851 2 813
322 262 464
171 808 546
611 268 361
28 544 677
207 310 119
298 479 238
187 43 163
864 617 643
933 402 207
811 16 615
324 479 35
934 438 382
404 815 170
287 545 813
563 442 477
137 962 962
471 170 987
157 751 511
301 347 880
621 693 829
982 63 193
118 40 799
289 97 900
879 486 263
163 403 283
913 152 225
256 856 513
266 212 577
537 409 454
848 501 101
268 400 169
547 341 423
121 697 952
584 502 168
479 901 30
695 1 361
124 902 982
182 246 933
759 252 416
195 855 887
652 774 569
667 464 331
43 708 755
576 877 837
926 895 600
666 202 84
389 858 873
302 154 220
596 478 361
33 993 69
31 3 956
385 297 807
846 892 840
302 952 302
412 945 718
41 134 388
684 749 440
886 261 910
7 928 270
591 224 75
844 934 422
897 64 826
576 393 645
913 572 199
21 250 412
285 277 630
741 787 7
756 896 884
719 184 866
32 286 144
670 120 981
119 24 147
772 17 254
93 870 942
797 593 192
243 883 596
843 159 258
79 678 984
863 79 674
36 504 6
497 657 456
292 196 966
652 560 247
902 781 909
432 636 155
567 220 766
201 674 204
867 445 544
401 736 394
571 489 163
491 963 348
135 982 787
14 999 506
144 764 82
937 783 15
384 272 860
834 597 379
741 287 785
967 941 651
349 243 129
545 118 957
497 277 936
181 543 556
321 330 644
900 441 649
400 359 141
508 910 824
975 453 508
873 10 781
305 221 13
737 309 426
505 184 579
682 425 641
1 874 106
832 822 555
973 677 385
521 209 211
913 10 415
741 710 516
800 108 748
197 730 410
404 586 183
176 639 51
300 16 380
740 214 607
91 865 149
435 72 171
519 358 601
977 220 478
366 286 961
589 199 521
710 804 853
737 257 108
612 95 82
479 782 169
913 389 888
960 296 284
595 144 470
491 208 351
178 824 246
428 19 11
300 252 47
531 13 226
636 414 608
313 190 703
245 72 469
784 607 959
543 117 694
344 823 907
607 581 267
162 340 411
551 678 607
814 448 906
398 50 574
297 849 207
550 657 705
427 821 41
798 961 925
347 552 489
1000 187 517
416 130 554
218 951 655
705 606 495
728 291 541
330 228 117
330 955 241
356 820 483
520 232 812
505 15 219
568 977 644
210 286 894
701 349 271
969 402 173
996 820 509
335 373 694
602 516 765
248 768 745
282 175 489
422 844 455
376 544 383
255 731 4
700 192 944
643 629 291
326 968 576
554 597 530
257 899 833
568 226 319
137 835 178
886 371 372
508 258 332
132 784 688
879 466 482
929 484 564
891 464 619
971 874 894
627 35 705
981 976 735
175 277 631
828 571 640
758 540 940
921 390 364
582 785 645
332 353 892
749 798 157
666 503 446
567 774 376
219 867 753
238 74 402
652 238 690
564 697 594
398 701 243
85 343 688
361 646 655
348 678 546
568 473 704
113 146 247
707 50 299
843 573 234
452 255 814
823 331 55
608 939 417
998 395 401
57 815 572
494 542 329
812 683 187
406 150 181
98 746 580
386 765 377
785 49 271
248 859 314
295 982 658
459 602 806
195 795 354
34 841 212
375 445 490
873 428 183
706 446 919
185 492 912
149 255 993
692 664 207
450 648 991
44 852 201
59 269 501
724 450 647
767 164 419
15 447 718
881 220 858
569 419 69
413 897 437
153 807 190
131 934 122
815 213 797
215 912 245
428 494 128
301 219 774
673 925 137
191 887 255
444 787 401
38 1 50
293 110 111
575 938 717
821 258 585
642 908 827
613 299 818
382 657 609
916 218 633
503 563 751
265 287 886
703 393 136
306 634 529
969 27 878
68 916 533
345 22 197
863 159 174
102 533 366
545 141 908
428 251 644
676 538 674
907 196 685
851 984 532
91 417 846
871 48 890
904 721 899
749 20 356
898 423 243
975 26 2
328 74 455
950 459 458
474 994 494
498 49 331
817 575 472
719 337 598
299 672 491
692 88 313
475 363 809
207 256 733
724 430 929
478 561 879
692 144 596
148 492 728
597 570 264
612 624 436
338 71 481
138 160 727
852 83 145
739 987 662
851 213 963
539 308 482
523 222 248
305 451 725
827 402 135
167 366 428
35 840 178
442 624 112
723 416 912
94 822 745
844 357 846
280 187 259
678 872 160
202 670 683
699 895 438
339 799 8
90 428 852
697 648 588
232 620 593
828 841 122
859 623 770
391 599 850
628 324 103
17 431 250
566 53 224
483 451 159
675 111 718
100 801 74
282 152 390
274 248 235
932 614 876
510 843 272
305 833 559
636 913 177
844 925 805
362 617 114
23 672 943
892 285 848
787 319 810
373 997 841
784 805 868
562 164 295
931 826 194
34 149 699
834 989 402
883 583 131
520 382 801
739 394 527
901 712 4
299 291 860
155 6 225
934 71 842
655 864 674
781 897 185
90 455 605
276 296 557
39 145 688
307 791 515
697 313 509
60 423 203
766 799 383
999 36 317
786 42 614
392 313 117
723 459 100
175 205 352
657 162 410
714 623 995
139 46 104
555 731 583
762 746 34
655 633 542
557 252 357
47 317 349
880 346 837
556 38 282
844 34 651
220 504 810
581 729 113
197 614 905
577 782 204
323 92 718
937 325 904
546 189 988
488 141 34
590 333 80
553 350 752
125 663 307
425 970 741
489 13 874
398 997 82
922 810 589
90 427 92
646 479 249
27 132 837
153 339 164
799 820 510
140 888 141
207 514 833
227 246 162
622 542 932
761 818 345
912 212 293
335 203 50
532 881 84
25 758 225
433 254 624
259 251 244
103 328 640
911 886 167
420 751 816
212 345 693
381 318 158
396 757 426
567 843 638
908 23 547
816 661 640
795 861 545
385 748 134
574 152 968
907 931 180
988 616 286
183 362 254
510 879 595
782 734 643
443 506 709
960 472 547
218 705 750
484 254 389
918 811 16
391 993 260
644 724 904
519 406 381
756 633 343
243 60 751
549 91 238
861 851 374
658 198 259
896 583 55
501 588 492
221 707 810
642 451 31
746 684 771
276 78 162
808 935 202
681 319 778
878 503 595
915 445 504
356 681 711
412 308 152
943 613 981
80 197 231
975 963 459
449 226 57
257 641 556
624 277 957
47 36 980
523 580 831
473 645 964
562 340 278
664 151 277
777 351 86
387 239 620
350 236 90
158 144 537
350 226 711
601 732 843
123 300 167
527 13 530
176 177 718
319 859 182
105 330 26
615 284 26
266 831 833
414 276 92
202 783 111
626 295 154
332 506 597
839 849 473
454 380 626
818 806 46
293 51 718
442 136 334
145 138 495
642 960 266
550 200 254
7 544 95
460 401 130
561 200 65
397 831 848
364 29 634
102 319 881
194 585 782
542 175 360
192 631 553
315 451 675
882 375 431
592 45 709
827 299 466
473 854 228
945 285 103
54 35 765
336 542 583
637 707 13
18 643 81
248 932 635
626 14 592
341 909 727
878 888 928
324 345 649
552 185 160
114 971 861
915 706 221
887 416 578
964 432 243
341 24 861
85 199 380
363 572 462
257 933 606
476 450 808
22 789 532
609 157 501
785 922 532
499 768 788
399 554 495
232 570 122
392 11 935
475 187 287
337 745 947
74 404 890
748 228 695
14 352 149
466 872 803
707 678 771
361 968 121
141 544 987
305 664 3
690 520 658
950 526 516
99 996 106
333 828 496
611 852 50
235 24 835
400 738 246
204 700 85
152 661 162
403 704 995
647 351 488
427 76 668
144 344 574
228 276 626
223 65 235
563 624 881
38 765 696
68 569 969
395 48 897
285 349 930
613 286 628
133 949 709
392 225 980
859 469 479
351 946 768
496 339 586
137 958 277
438 801 29
684 219 615
561 362 363
712 788 881
715 952 451
82 314 203
97 265 867
909 14 368
484 62 377
324 829 498
105 375 618
521 731 203
939 444 415
308 988 758
948 451 161
83 981 340
940 989 822
377 398 871
591 993 462
27 810 43
704 217 774
224 408 109
134 5 935
23 343 268
175 304 768
180 577 443
232 790 977
484 663 926
51 542 456
943 475 180
552 439 695
179 390 780
973 800 948
396 524 464
515 184 990
94 726 121
955 178 728
638 997 998
283 232 281
463 497 700
945 129 748
228 819 530
911 503 801
181 797 540
184 442 877
938 128 602
344 108 706
835 817 855
339 489 836
786 366 809
84 881 85
72 148 500
762 925 400
637 616 514
713 424 186
431 180 139
683 845 963
689 945 292
913 254 207
694 1 917
693 439 936
796 212 393
734 843 24
760 304 174
663 429 327
278 133 549
863 656 924
855 262 295
37 901 323
430 137 253
34 406 486
979 729 731
107 456 323
311 158 564
879 380 542
906 433 935
72 37 836
644 863 757
501 128 10
20 314 189
104 896 552
679 424 862
245 951 577
686 194 357
831 388 428
388 411 544
544 299 381
670 863 996
11 102 947
474 416 48
223 959 588
858 565 276
49 566 845
669 865 193
482 333 42
212 345 236
725 120 312
496 698 684
471 650 104
313 540 115
788 545 248
32 944 452
867 172 58
905 486 651
510 78 572
562 170 390
12 938 18
189 328 478
304 300 54
305 563 827
436 138 873
545 879 464
271 840 963
32 319 562
955 331 848
511 708 121
537 185 874
379 105 448
593 907 741
131 304 594
533 330 277
875 419 837
695 427 612
935 675 523
52 496 17
63 38 937
599 822 453
56 513 271
437 542 455
843 169 172
634 100 204
632 15 160
631 884 482
761 930 513
56 225 701
590 576 62
151 984 270
624 178 771
573 166 650
706 445 299
939 60 88
626 765 485
450 502 362
171 372 738
559 91 915
310 687 913
585 448 964
757 492 586
153 526 614
944 584 145
85 192 579
531 389 116
549 72 17
401 511 645
714 261 69
462 871 170
486 4 416
840 716 496
116 232 571
506 115 289
279 733 943
16 846 12
398 475 456
593 725 803
769 752 737
460 115 349
353 753 106
700 392 565
550 349 774
340 268 923
110 356 484
765 960 424
47 660 758
228 277 701
777 745 104
784 117 192
571 588 496
287 3 830
19 299 892
367 833 415
17 801 773
374 792 254
23 540 103
951 512 764
298 755 415
903 402 231
693 54 580
321 818 645
476 805 652
781 707 761
264 584 428
143 222 46
282 604 659
222 287 766
606 496 63
424 145 688
402 476 43
653 498 180
507 72 248
594 787 689
567 232 742
634 919 418
408 187 251
132 284 468
707 312 865
257 333 417
896 515 238
938 284 839
876 698 885
43 626 706
800 75 379
511 14 778
603 665 824
349 143 132
889 766 803
307 273 704
105 179 60
322 273 618
455 973 61
669 57 659
413 148 590
46 539 328
351 311 499
821 833 688
574 265 852
255 626 301
921 318 246
155 132 842
250 380 913
326 342 592
799 266 464
988 141 412
261 608 99
496 22 324
37 864 632
101 737 450
14 686 666
177 545 697
944 82 858
340 37 587
136 98 133
79 230 829
948 265 712
918 849 321
450 875 472
978 506 512
290 743 322
204 16 326
147 10 545
348 113 706
181 555 692
223 160 617
852 441 257
832 543 156
697 573 185
219 698 232
677 933 986
377 370 897
46 312 18
307 775 440
384 907 896
450 837 257
149 852 456
813 626 25
478 280 722
861 567 874
923 738 789
229 932 390
990 751 4
678 767 306
380 817 938
530 829 555
840 568 853
29 619 923
887 27 173
971 821 224
198 323 960
707 741 971
669 653 586
309 289 83
910 480 659
462 144 16
391 69 288
181 208 638
651 615 619
366 580 354
591 260 499
35 991 824
13 246 892
357 596 643
988 869 696
382 655 416
326 112 590
710 524 644
375 28 659
117 520 700
446 673 596
812 819 276
904 621 909
961 76 852
185 580 439
599 26 320
770 181 940
390 539 93
146 311 932
198 676 435
3 423 821
353 68 772
823 702 828
875 366 900
379 53 587
932 563 96
498 115 443
502 185 451
969 939 962
204 199 377
881 19 93
91 108 96
537 999 36
736 904 790
570 896 607
822 494 635
166 669 553
940 978 107
710 402 381
583 755 102
413 669 742
988 594 144
500 361 820
283 102 565
672 206 440
578 951 162
766 673 481
342 597 944
130 618 145
863 490 50
146 753 440
158 479 353
479 294 209
680 803 530
875 365 114
108 286 751
28 514 219
937 891 590
465 591 285
512 81 415
437 353 417
164 270 811
793 173 55
382 368 29
796 970 384
668 883 782
897 853 992
876 503 1
607 700 902
260 759 457
623 426 528
109 443 259
76 947 732
218 996 992
66 98 808
256 344 850
115 396 544
380 761 327
834 322 277
36 701 507
757 633 514
273 635 696
414 280 106
919 560 969
178 258 775
824 287 456
562 120 987
10 924 604
934 742 937
455 614 382
530 337 360
385 1000 446
344 41 607
883 985 466
949 480 369
231 957 263
298 437 386
157 189 64
705 805 413
161 649 385
143 572 53
424 62 843
663 924 16
20 54 631
119 509 900
179 714 306
50 733 411
164 523 809
902 74 167
134 628 977
366 104 527
441 914 416
763 495 595
193 100 954
843 321 384
600 735 489
324 627 998
50 913 848
842 74 982
269 285 70
675 978 82
781 699 33
782 615 805
73 133 26
177 63 875
750 9 397
761 772 620
508 168 869
551 717 545
35 685 190
681 282 366
443 546 269
169 606 6
362 376 959
582 834 230
407 591 185
729 726 739
777 652 77
462 815 553
473 738 988
265 381 380
781 762 202
828 202 212
441 659 17
247 887 183
402 18 463
91 822 52
852 654 715
998 764 721
237 1000 405
436 400 900
842 769 593
233 432 507
578 759 138
195 995 468
912 497 661
339 384 249
93 634 280
124 337 556
268 48 918
850 414 566
343 72 542
233 733 933
849 541 573
352 444 621
71 395 21
330 962 71
963 173 723
616 591 741
835 745 366
175 399 466
512 718 7
691 991 537
763 55 199
362 25 120
79 388 14
445 202 673
887 628 407
994 635 957
929 868 530
886 970 88
359 484 173
233 839 546
543 757 663
396 617 829
483 802 648
922 538 377
743 920 560
844 618 586
392 199 992
678 28 654
61 933 194
216 441 204
832 87 632
543 895 965
114 269 778
984 825 798
864 700 755
348 238 523
950 820 517
863 993 784
84 651 76
148 292 452
755 226 457
19 114 375
437 157 104
182 122 238
479 291 298
314 188 216
945 688 551
243 607 160
414 2 517
56 573 223
105 752 495
878 801 306
277 711 8
189 616 26
873 868 455
101 834 35
636 671 730
586 519 646
168 61 187
881 220 724
700 649 189
893 824 490
725 955 714
866 247 692
555 911 789
118 873 303
477 458 921
11 348 614
703 195 676
29 179 435
976 76 251
337 303 17
713 205 474
317 637 750
619 781 73
145 323 536
618 378 178
363 934 874
164 34 24
726 323 360
776 724 235
426 824 118
847 759 574
433 53 689
427 850 560
178 331 831
505 400 627
506 170 106
128 329 733
885 302 963
371 98 753
506 124 487
22 991 30
15 762 787
659 691 480
889 832 539
627 636 144
977 864 674
921 263 702
171 35 750
807 851 802
436 137 514
444 267 259
950 229 200
671 25 808
309 879 11
700 669 462
871 244 922
131 164 104
530 824 528
215 986 565
256 788 89
583 820 378
812 349 618
323 336 410
330 364 784
277 265 216
910 480 27
40 598 825
300 570 307
710 24 200
330 864 35
143 205 158
810 621 353
615 197 895
488 830 996
962 150 895
742 987 917
788 351 517
968 75 734
395 750 525
936 505 384
121 367 50
799 222 552
635 36 691
884 450 152
520 543 708
