6251
209 366 685
535 649 684
172 576 781
419 776 857
691 810 741
80 136 463
368 480 533
284 449 264
112 300 14
45 235 316
984 981 993
861 412 926
463 263 695
160 838 694
289 381 671
992 979 448
376 163 967
955 175 595
693 882 51
135 795 780
940 554 860
259 629 177
20 901 249
11 589 341
184 797 231
406 345 888
553 858 204
855 810 368
844 709 658
769 282 229
602 592 831
890 910 408
874 974 502
305 787 294
535 766 184
939 619 529
911 430 700
188 794 571
724 269 893
327 696 779
851 834 91
760 165 642
71 832 65
275 947 991
39 493 332
523 635 408
613 703 703
810 766 40
803 12 682
8 545 79
628 65 280
182 33 61
268 423 665
21 907 581
376 827 290
99 858 807
252 667 433
812 225 44
370 853 448
923 346 229
904 876 578
710 534 519
719 513 380
390 48 508
787 132 193
349 142 406
319 491 844
421 461 880
434 217 362
271 628 594
420 211 350
821 863 380
29 778 420
793 249 289
451 17 134
25 696 946
90 605 684
567 635 277
989 500 340
833 711 609
960 178 12
158 547 117
31 720 763
614 915 535
343 421 33
674 44 230
787 588 250
595 87 325
863 347 470
103 556 213
348 599 261
434 81 284
25 924 617
216 681 373
806 678 383
299 557 362
725 857 614
95 721 546
337 283 242
554 233 194
507 429 70
573 7 326
73 319 794
777 752 436
27 294 320
859 202 200
995 188 200
681 417 479
259 779 245
440 421 314
83 21 915
463 77 498
965 112 3
923 562 344
116 361 382
976 791 410
218 633 711
235 967 949
850 825 839
656 490 523
801 98 419
599 96 754
619 695 132
797 487 764
448 819 643
764 432 437
966 555 917
112 747 887
85 814 712
874 341 513
551 102 93
989 225 703
86 495 35
456 899 601
637 558 934
460 794 789
827 449 461
890 644 287
671 958 981
200 627 303
430 527 430
393 879 373
994 561 258
473 323 398
377 490 595
389 563 37
859 454 569
735 387 871
158 594 579
378 391 674
9 572 868
420 435 928
94 791 443
109 182 216
621 939 351
347 221 999
508 953 361
685 926 40
572 899 712
852 597 652
221 361 432
860 410 515
55 824 881
655 755 135
821 879 296
778 317 325
869 285 888
85 807 319
433 240 670
610 925 496
828 794 666
864 439 382
57 664 10
136 183 258
553 202 169
888 693 371
280 888 893
18 867 903
117 231 725
670 82 795
858 742 960
332 814 845
48 98 504
664 272 905
617 66 362
719 74 908
456 657 913
847 474 513
152 348 701
558 253 769
993 318 32
769 546 520
519 600 504
408 44 975
265 444 293
103 533 903
888 181 476
403 410 336
801 968 977
748 712 20
161 42 801
476 584 207
954 475 145
936 715 774
669 725 881
369 846 173
714 248 482
568 353 249
200 752 968
55 500 971
257 43 925
252 451 535
713 249 749
789 542 788
101 445 361
834 216 569
341 554 940
125 308 516
237 198 49
143 189 369
178 781 105
685 718 648
737 795 818
5 814 882
7 313 151
418 333 560
603 989 258
219 170 20
333 546 238
602 626 104
649 428 244
852 306 957
360 845 497
932 479 982
334 101 863
244 310 690
510 819 869
107 572 743
224 282 373
727 297 423
742 407 305
225 999 312
360 363 952
844 109 686
979 629 331
183 24 11
843 530 1000
274 531 434
697 613 664
637 147 870
530 946 986
207 880 465
531 256 847
251 215 329
70 918 39
456 291 200
397 506 305
502 285 667
964 903 197
583 950 443
665 662 618
221 210 20
185 871 850
484 210 994
48 445 8
527 329 414
743 961 680
715 877 150
5 97 115
209 28 68
706 404 574
588 170 579
13 663 270
772 732 908
164 743 250
863 190 934
445 696 488
74 678 305
156 494 172
594 51 284
471 748 57
884 71 414
21 531 184
147 766 306
429 154 422
323 129 559
341 479 895
143 13 75
111 578 251
968 42 926
830 664 365
530 634 140
349 326 220
401 932 677
287 919 342
208 329 472
130 599 455
170 614 464
199 458 68
729 783 341
99 565 388
579 176 298
266 283 870
758 720 596
636 38 589
915 179 44
102 723 600
21 856 276
553 595 75
263 584 946
591 426 227
567 37 565
718 847 946
218 335 79
135 246 389
977 670 93
439 231 300
230 615 11
208 191 716
444 661 928
700 960 459
543 590 586
748 40 214
345 308 760
4 418 987
655 883 30
481 684 625
722 113 228
598 131 999
965 24 817
493 201 259
960 920 153
643 936 691
998 19 30
273 875 516
506 96 900
966 403 61
742 89 961
589 9 349
276 237 437
864 974 494
324 169 162
135 981 64
869 398 123
56 772 280
662 853 311
50 700 615
773 700 321
923 455 599
950 995 363
786 47 98
919 152 230
785 444 467
135 923 11
856 352 232
917 410 59
805 57 595
712 591 743
81 378 585
997 326 85
781 522 151
570 543 773
21 636 469
380 901 591
761 623 136
904 565 796
291 996 307
116 42 411
481 477 794
283 649 427
180 824 340
207 974 384
679 88 409
530 75 801
424 470 842
59 242 411
109 490 195
275 717 714
974 4 946
807 383 91
691 295 633
242 576 87
935 578 246
923 353 132
679 428 316
561 354 601
801 456 903
349 494 10
944 495 303
234 234 163
780 350 566
813 186 166
296 8 692
722 79 574
183 936 261
480 59 494
213 892 468
215 110 712
783 604 348
361 685 199
302 580 304
22 985 72
165 432 871
530 493 771
369 934 658
387 263 499
341 927 57
563 539 207
876 408 509
202 486 215
285 669 753
171 313 595
206 413 398
805 443 870
538 535 239
180 438 918
161 491 50
224 572 57
781 556 177
459 243 722
324 77 27
238 806 353
390 576 770
869 870 615
556 887 485
651 426 17
848 341 722
929 245 308
564 212 525
490 229 463
561 615 812
975 562 128
549 623 795
788 251 771
224 271 514
108 269 521
361 449 778
941 523 490
918 736 881
17 981 135
907 16 370
845 191 217
96 898 530
739 70 953
130 272 431
412 102 962
343 223 856
501 654 476
175 831 250
773 329 45
688 295 95
359 629 541
343 453 421
997 764 183
174 846 246
644 292 840
189 690 850
200 658 184
935 951 524
447 270 169
467 226 86
943 296 791
281 314 118
747 936 226
57 367 548
167 852 821
417 581 34
728 265 915
876 679 413
207 237 768
701 604 772
454 510 674
705 451 31
319 681 436
211 159 648
285 210 587
733 234 695
392 156 416
441 55 762
254 165 93
256 153 73
156 262 933
521 557 900
582 632 101
485 322 991
727 99 342
951 990 335
908 31 255
520 227 273
144 617 134
699 522 385
814 268 582
168 372 285
371 720 859
550 915 40
831 733 483
971 101 498
248 223 522
25 245 995
180 312 107
965 359 355
69 18 706
203 276 448
287 605 798
18 284 241
481 729 937
395 671 238
349 973 441
104 842 751
781 902 610
918 52 365
727 111 701
750 787 376
610 110 602
570 81 972
314 639 977
445 110 35
713 219 744
365 688 241
845 721 798
681 896 24
663 218 587
566 269 52
615 783 874
441 511 572
573 506 128
936 547 338
215 244 59
818 792 806
400 474 122
653 544 237
752 851 224
712 553 281
121 868 929
3 26 77
134 294 472
67 187 130
395 927 650
467 557 867
445 227 859
51 496 398
747 883 114
675 589 458
474 415 818
453 8 126
500 411 316
10 256 843
128 386 444
258 59 807
656 885 131
484 270 650
368 803 689
451 936 585
281 799 430
728 438 58
642 46 398
470 978 180
66 998 302
135 235 110
415 733 217
510 727 938
949 48 959
387 750 567
868 13 233
82 253 384
21 286 735
72 33 529
304 954 33
703 961 410
92 709 312
963 653 878
945 742 47
636 383 374
53 264 631
58 336 386
199 399 551
15 634 52
357 491 63
733 751 891
441 735 873
7 311 508
382 855 646
97 698 518
30 899 453
914 907 678
431 509 660
698 840 158
238 740 722
891 159 737
888 378 571
305 528 19
574 540 67
993 698 310
302 540 333
493 909 902
761 274 828
309 208 992
917 23 926
900 577 651
220 247 176
712 508 660
172 389 359
934 396 654
11 754 222
345 573 847
330 813 739
890 354 830
343 585 972
766 736 458
604 955 385
576 253 262
564 419 388
46 664 993
756 413 786
940 229 382
798 175 285
802 405 422
8 988 927
284 527 216
454 961 470
717 869 839
367 294 23
765 992 849
223 987 913
783 484 787
352 61 206
159 155 143
448 423 355
849 13 35
946 29 564
657 295 975
892 456 782
623 622 883
122 512 963
398 614 155
442 61 753
84 374 452
652 598 64
135 340 372
930 255 828
371 915 594
605 224 110
298 570 567
491 528 108
437 86 987
990 277 453
318 665 941
187 944 720
633 225 963
568 651 336
668 833 602
384 750 186
646 433 621
586 319 940
405 280 453
601 576 351
931 286 847
285 386 743
444 91 948
307 348 890
42 136 584
990 942 749
493 564 50
861 472 901
182 491 119
236 636 389
269 446 932
217 72 643
576 485 979
195 836 932
127 754 832
59 572 865
761 351 535
283 373 422
968 686 108
537 190 455
628 823 767
609 480 749
358 548 739
562 749 470
114 141 366
225 844 892
207 855 142
57 774 461
107 575 381
810 72 17
360 76 771
847 126 209
556 195 513
520 110 409
514 70 408
450 660 211
748 848 839
786 927 473
999 1000 512
721 1000 239
497 183 186
176 142 675
926 38 5
503 927 991
117 460 615
450 262 484
735 901 624
93 196 528
45 300 646
418 466 9
388 235 827
230 741 390
802 51 416
964 907 115
799 847 77
121 957 145
555 893 200
51 597 908
285 128 820
462 502 615
719 704 283
546 496 804
392 579 537
68 602 42
218 443 445
544 616 314
201 663 997
927 995 878
110 524 598
903 965 337
22 228 651
665 11 11
417 707 123
41 160 719
915 201 434
220 968 908
125 29 68
324 402 759
173 665 98
591 45 658
499 431 125
461 1000 978
18 426 913
721 576 437
804 250 746
176 506 455
167 434 635
694 164 308
945 676 722
530 650 418
145 975 694
533 911 157
825 723 780
239 37 802
326 174 549
709 903 406
47 996 547
107 601 684
101 559 542
621 150 201
218 882 93
217 259 876
112 839 214
149 288 378
265 845 315
693 959 217
888 767 178
925 631 297
47 864 988
624 356 961
381 841 777
176 247 482
309 343 303
895 619 691
762 670 958
706 514 199
571 761 387
394 333 217
505 379 732
26 123 497
787 640 569
838 539 781
846 814 580
400 976 952
325 470 500
606 149 48
20 503 497
512 38 598
471 434 290
715 196 300
12 440 961
499 596 820
564 374 788
752 224 867
586 671 515
544 975 90
810 878 322
246 864 748
993 400 457
93 803 11
775 461 337
791 225 814
230 256 72
490 17 299
738 410 890
6 196 670
169 445 538
523 795 422
598 787 582
461 220 73
30 313 873
39 141 157
936 773 637
193 239 623
902 666 231
599 340 673
991 999 441
714 201 605
340 212 67
114 293 311
633 513 104
288 687 220
623 678 559
855 303 637
173 844 859
893 49 186
930 162 308
123 726 890
203 380 150
243 621 320
653 881 45
680 942 864
320 385 669
168 844 226
964 407 817
876 252 947
130 547 947
535 829 692
362 503 791
846 775 8
321 393 345
454 350 529
592 430 346
685 114 455
405 811 850
227 683 87
891 175 977
196 225 462
108 629 770
827 892 216
355 224 93
71 76 673
835 966 694
350 252 17
180 444 784
713 590 902
272 601 406
660 349 397
878 62 722
288 22 261
14 174 590
45 15 565
621 16 853
186 783 277
532 416 989
992 194 894
532 838 206
663 983 439
560 128 40
786 278 157
534 256 532
443 455 798
347 113 486
154 431 983
269 20 974
774 149 281
317 159 533
939 750 189
933 427 334
422 88 422
294 502 435
245 683 456
190 901 584
298 913 359
904 669 870
495 883 923
291 562 32
185 415 346
372 103 421
883 468 772
368 676 464
972 39 520
896 336 992
633 437 110
284 398 594
324 763 302
987 839 85
76 204 601
509 359 812
896 29 195
777 816 378
579 397 806
622 884 875
622 657 197
773 922 908
420 124 601
60 168 158
249 145 971
99 936 876
236 148 695
672 530 876
946 946 244
949 909 675
210 989 13
334 135 308
368 563 330
540 703 52
690 82 624
637 171 53
196 330 816
480 376 693
782 874 739
765 149 26
347 914 824
821 168 990
960 350 377
996 28 103
391 498 867
590 159 759
455 25 204
159 574 715
873 246 954
619 785 908
424 708 784
83 561 245
902 840 412
73 965 895
268 716 908
683 946 1
672 267 973
228 938 930
494 693 185
256 768 628
3 60 871
544 25 523
862 786 836
91 788 617
289 782 186
211 267 341
180 947 822
492 754 377
532 883 807
396 254 29
136 694 455
18 418 801
80 118 850
785 824 129
891 153 736
531 124 963
626 832 849
5 299 840
739 940 912
476 205 14
41 320 141
378 986 713
286 448 293
625 810 643
66 225 133
559 874 269
591 99 767
158 450 14
106 363 523
564 787 560
134 352 134
505 180 105
410 729 247
501 863 51
759 434 560
970 341 593
305 789 191
777 890 60
972 441 583
983 971 318
137 216 597
558 12 500
432 621 74
325 283 822
321 190 329
565 17 395
549 946 486
667 744 531
53 34 844
555 683 674
854 700 971
284 875 630
744 745 285
551 243 265
126 473 522
735 496 455
440 748 385
705 257 195
381 751 161
737 742 462
862 67 298
893 982 113
735 876 686
34 388 19
491 353 665
105 142 229
794 671 774
55 646 549
197 280 369
19 772 22
77 465 676
292 993 175
600 11 623
105 574 511
93 929 916
201 163 408
577 10 706
37 874 724
588 380 561
954 412 567
873 266 596
769 491 863
756 358 740
666 832 67
593 307 270
996 443 178
205 733 351
644 532 145
153 989 115
881 813 820
801 699 788
148 739 990
534 230 127
620 394 761
738 255 245
463 771 316
64 63 480
11 204 521
334 996 950
105 251 659
513 991 314
863 478 790
375 589 874
1 198 108
677 629 180
613 615 598
118 992 999
793 192 469
487 842 794
560 464 618
355 1000 282
687 567 441
681 468 120
542 398 944
371 486 868
494 573 521
280 638 11
335 667 946
370 643 278
741 4 546
404 900 21
323 890 318
596 934 526
531 963 554
224 882 296
176 406 761
277 81 176
246 712 297
501 547 795
191 554 880
87 53 27
414 372 652
892 186 969
328 412 75
732 398 394
692 246 407
880 13 22
186 333 667
578 936 798
841 294 481
878 608 622
304 557 777
227 659 771
824 575 675
44 749 897
282 125 846
22 150 371
280 180 68
734 40 592
760 761 123
160 894 779
555 295 488
578 58 666
217 507 952
463 867 168
386 658 723
982 675 801
662 587 365
288 581 154
599 442 875
724 759 692
485 261 549
195 900 390
612 353 576
383 373 602
832 56 100
665 374 251
895 876 820
472 182 432
564 43 943
351 685 794
52 996 358
727 510 485
216 325 514
219 684 487
114 839 67
415 374 342
746 662 852
462 105 190
317 315 605
137 985 130
992 316 526
447 64 628
326 934 657
742 773 837
156 884 851
172 1 522
432 756 424
562 201 719
871 993 754
985 757 123
282 407 338
92 88 37
746 26 567
124 603 490
528 632 570
816 324 441
468 906 137
718 54 631
352 665 740
759 485 496
614 730 526
898 168 874
284 281 768
523 653 786
153 91 971
24 30 967
914 812 825
308 851 460
799 966 804
312 348 352
107 956 916
914 312 862
659 47 638
996 643 734
202 199 432
734 982 977
841 834 614
464 351 62
756 596 37
43 723 604
547 222 575
473 456 79
218 6 380
59 394 647
451 118 13
132 253 224
612 727 362
84 183 835
746 173 603
739 872 186
821 525 459
123 405 234
193 872 235
825 145 806
18 408 432
311 474 108
506 859 77
308 579 446
558 997 724
713 402 211
494 842 276
832 739 346
442 992 613
846 221 526
838 207 235
302 14 492
528 597 919
428 355 44
71 687 111
546 619 71
966 47 761
917 25 614
535 783 900
311 926 247
920 677 790
139 233 403
839 402 68
617 141 127
456 683 753
564 712 53
585 504 909
163 413 63
347 240 964
458 510 82
191 535 357
639 820 770
635 358 449
815 998 597
443 805 812
348 261 743
756 362 886
704 175 647
457 453 762
605 789 371
822 146 184
897 653 934
507 622 561
94 703 104
274 43 268
663 367 519
467 645 9
434 477 683
93 527 557
746 724 103
926 578 977
488 274 549
174 92 378
42 303 299
140 149 48
821 779 465
511 719 636
493 772 335
799 851 777
447 486 347
956 855 657
994 50 948
964 846 588
183 580 10
729 437 250
790 141 371
383 959 972
400 944 499
386 539 198
351 426 852
863 844 102
399 397 3
691 160 123
396 992 764
115 295 526
760 101 900
20 502 673
8 565 98
875 449 684
248 239 877
866 814 188
915 913 525
983 169 258
479 938 915
246 259 780
867 860 554
857 543 369
122 297 128
877 862 655
240 405 971
358 114 123
825 586 929
62 713 138
221 330 907
256 983 755
734 352 469
302 707 69
612 739 98
139 96 484
540 21 63
328 449 856
80 541 517
381 308 343
328 426 415
307 873 257
47 142 253
506 109 912
356 996 164
957 736 500
438 212 208
86 156 649
283 163 413
307 506 558
485 677 354
248 609 164
351 985 675
884 341 157
66 143 547
294 704 814
37 982 29
650 443 662
174 890 844
513 793 284
958 379 163
165 992 171
801 919 852
230 359 94
569 136 781
692 177 213
214 408 986
305 770 74
113 773 83
733 788 994
286 542 542
146 103 209
4 404 528
258 601 595
17 940 993
161 835 256
143 371 867
90 850 774
938 324 844
336 726 854
156 475 465
773 547 765
170 934 681
302 18 47
455 101 763
975 79 162
667 673 530
162 834 6
571 872 710
2 626 788
857 729 213
605 844 714
639 903 45
109 765 855
264 980 462
930 124 695
836 739 437
331 890 851
954 918 729
806 444 110
706 945 204
410 362 666
307 268 855
797 330 773
586 705 874
160 759 752
254 774 576
389 918 620
389 906 959
283 113 840
367 678 361
337 937 780
210 93 24
464 527 32
873 141 253
198 821 593
98 510 718
690 997 117
532 991 203
424 366 948
461 838 850
151 1 755
71 954 579
35 469 110
19 476 59
504 944 137
838 20 823
906 675 166
687 349 626
171 69 578
953 733 530
202 163 505
1000 383 417
236 891 789
506 298 257
144 77 476
483 590 871
692 384 605
460 823 320
580 79 544
253 576 589
175 750 319
552 254 163
406 532 176
414 856 105
303 333 778
129 93 211
277 630 980
851 160 894
328 744 294
639 785 448
192 664 614
4 286 752
81 370 777
941 851 919
684 393 487
299 820 591
340 454 526
686 152 935
637 836 5
854 146 872
135 459 379
851 341 848
515 10 307
551 943 888
251 623 755
169 9 155
363 718 436
244 856 69
516 925 969
761 418 23
111 222 527
317 164 239
543 828 281
592 387 786
997 187 369
822 330 262
16 198 302
437 54 772
342 792 12
689 174 281
663 748 522
832 906 825
606 402 248
807 888 974
491 342 96
376 318 550
799 21 100
504 939 531
42 918 768
833 954 177
450 598 10
231 781 650
643 824 676
291 104 18
444 847 930
306 117 598
528 619 861
32 429 535
886 493 392
152 532 43
260 368 442
773 392 956
712 853 77
628 223 276
973 701 914
61 589 696
227 71 798
249 712 677
103 456 787
34 277 16
351 759 223
508 936 832
702 516 514
752 336 559
341 653 616
114 775 541
694 814 764
12 629 64
128 108 441
496 670 111
316 665 691
80 86 581
762 579 517
14 983 554
145 144 326
866 860 703
28 577 764
484 610 695
968 144 869
591 15 795
625 889 73
641 332 525
800 179 653
54 62 630
661 658 540
821 656 52
22 743 337
17 253 101
1000 710 285
369 854 462
76 732 680
427 930 725
287 349 936
35 349 674
118 710 983
911 626 836
637 999 313
843 648 451
168 501 198
537 308 335
699 72 800
774 679 63
954 576 270
873 476 63
661 340 626
510 173 908
647 351 690
707 975 658
61 921 956
665 704 710
554 448 589
513 662 659
771 552 235
63 863 117
9 739 335
151 233 680
998 424 376
329 267 32
627 491 819
978 150 347
237 384 546
686 375 102
511 817 10
591 231 634
799 948 659
500 569 893
422 526 100
532 820 794
99 332 226
818 165 483
871 300 966
147 38 584
121 684 66
396 231 11
685 426 706
633 578 462
86 951 48
220 187 93
295 71 3
637 517 815
548 907 110
1 545 682
17 668 253
641 695 748
940 857 423
164 551 307
626 566 775
384 632 753
818 432 141
205 362 989
37 600 816
539 30 101
51 555 739
729 493 854
938 714 701
996 335 662
28 347 914
194 254 146
453 783 975
229 615 725
973 765 940
588 759 489
504 466 895
884 52 383
494 164 680
387 721 868
969 677 710
807 890 981
656 607 246
339 542 444
863 248 180
175 873 512
71 76 640
515 947 556
256 706 666
380 406 509
791 343 672
753 248 470
880 470 870
443 874 140
806 352 312
800 641 536
75 57 164
4 823 380
930 644 589
257 693 219
926 351 538
15 10 234
646 302 555
244 598 28
92 776 467
235 19 17
793 7 145
823 173 166
885 292 919
592 10 57
414 718 801
211 525 251
856 831 879
340 914 655
708 321 210
524 81 110
536 188 206
740 125 500
144 197 589
648 386 484
543 6 527
809 62 360
35 531 394
983 167 694
213 846 430
757 989 992
233 622 709
159 938 517
207 676 862
530 472 106
896 562 102
49 838 748
483 222 306
386 606 657
638 541 804
151 328 886
593 277 198
387 34 930
396 154 775
378 172 937
450 900 768
438 801 95
514 589 43
912 526 537
585 463 185
278 383 33
437 197 186
90 113 353
622 679 356
402 833 508
545 94 404
220 386 837
150 424 739
762 805 398
699 661 322
816 999 648
70 390 141
63 936 64
703 809 476
254 370 237
577 218 487
63 439 900
634 377 780
10 289 392
124 722 29
761 317 422
705 948 891
663 477 59
986 718 693
352 148 483
265 388 956
120 574 539
129 281 623
460 492 154
22 623 708
759 745 978
678 135 526
167 197 202
102 235 801
250 553 802
143 21 799
733 715 3
466 507 919
688 642 440
149 503 957
376 747 467
333 199 620
610 249 830
660 812 230
894 537 689
521 835 705
998 497 394
209 592 456
829 452 43
663 972 42
504 839 392
885 915 163
394 909 725
561 161 127
573 160 606
972 207 906
578 98 100
981 849 105
252 562 968
424 999 379
78 69 646
244 692 232
54 663 291
694 513 205
599 217 474
856 590 561
989 686 725
161 114 145
848 119 130
476 486 678
100 117 994
838 832 203
368 705 661
443 733 953
524 20 914
257 982 403
730 211 138
229 607 522
878 414 508
379 551 803
506 572 495
80 552 4
525 326 667
284 918 309
740 192 821
675 117 860
73 975 551
115 326 745
290 756 304
272 434 366
696 829 196
139 47 710
310 936 404
833 73 762
182 795 807
258 662 219
229 860 958
221 885 528
616 265 597
157 726 784
44 962 782
650 821 338
831 477 61
489 895 726
31 371 499
990 525 997
918 988 28
391 850 656
335 632 358
923 999 238
408 19 638
967 248 851
955 939 419
343 748 53
226 693 743
939 212 202
174 980 259
420 57 14
420 940 879
995 265 828
11 760 507
930 703 187
311 982 499
685 88 793
98 468 456
263 746 132
725 866 703
416 778 307
315 942 151
650 971 228
728 561 255
121 747 17
996 219 15
215 575 482
97 782 208
651 875 192
926 515 460
996 208 114
827 366 581
745 567 694
360 384 283
35 335 622
158 695 859
790 716 622
423 248 940
815 975 572
817 451 174
346 899 689
197 942 628
259 423 494
663 374 102
681 346 745
555 206 368
140 794 437
484 936 912
648 384 777
873 748 398
60 502 437
844 417 953
324 616 406
765 969 736
806 951 471
757 273 516
766 141 71
623 669 757
381 495 308
943 329 858
516 19 638
801 722 629
95 826 234
879 996 189
800 231 744
290 740 388
84 426 179
221 463 940
926 342 528
546 556 39
834 314 478
730 342 608
890 900 41
611 102 585
38 604 531
920 458 197
329 173 283
923 658 98
136 676 616
57 85 395
494 720 178
845 789 654
156 830 438
717 936 201
672 747 26
769 992 175
405 829 207
578 986 595
589 237 815
888 429 191
626 758 533
923 688 184
107 460 271
561 626 558
630 751 896
881 291 959
261 746 282
308 760 913
780 814 704
110 983 4
434 944 578
441 201 68
254 312 789
494 437 557
699 839 487
42 353 389
588 372 903
400 377 911
836 782 436
18 552 480
3 669 782
489 618 576
215 284 195
14 306 675
439 351 848
137 787 724
801 3 306
268 247 547
209 482 650
421 208 147
477 680 553
721 299 557
594 414 691
768 522 31
606 564 861
966 8 109
520 888 726
829 356 72
155 499 914
268 488 136
252 522 843
36 573 611
130 442 89
131 660 636
31 606 250
854 801 234
248 552 60
845 964 500
371 978 760
79 977 571
466 193 184
742 354 685
760 197 657
700 426 680
185 903 462
399 535 310
363 365 505
752 14 536
830 175 295
517 381 395
544 175 333
462 650 227
504 260 905
162 225 484
267 759 187
590 606 55
599 796 847
774 8 829
297 139 839
563 144 11
630 996 709
315 947 938
82 37 466
340 537 941
259 597 167
939 68 872
399 565 928
458 148 475
142 744 618
326 359 659
250 248 399
765 573 82
826 246 399
604 593 627
75 86 399
667 198 877
54 419 292
115 206 37
520 871 657
144 187 496
447 314 712
444 712 319
491 898 507
815 336 926
305 876 958
727 704 305
221 678 714
955 327 586
224 590 804
893 716 631
928 902 992
553 421 357
374 980 205
67 53 670
680 934 362
80 359 126
623 251 603
141 368 819
544 993 248
691 910 774
984 732 69
788 785 92
811 521 412
870 160 832
52 794 956
759 313 544
386 1000 108
644 614 389
554 790 818
829 911 675
382 450 712
977 953 815
767 226 71
758 326 389
340 920 412
230 664 853
25 3 295
84 217 788
695 653 433
920 163 964
148 419 360
969 296 274
502 97 537
463 42 597
27 735 629
608 907 435
37 895 158
920 351 820
518 970 920
139 648 364
480 741 64
999 384 248
541 184 581
713 925 182
401 156 776
202 450 38
984 63 189
612 979 894
790 802 643
612 171 461
337 323 446
376 506 904
148 466 931
539 865 474
519 544 533
29 324 784
95 357 770
385 732 846
264 683 369
370 288 321
884 12 210
300 679 138
262 907 618
24 924 126
462 902 425
322 72 555
205 936 875
78 81 776
244 271 136
377 541 473
45 579 308
638 193 934
289 227 948
946 687 857
911 642 918
247 145 473
21 929 950
812 118 505
860 980 127
454 305 263
803 852 38
44 144 330
123 418 205
469 946 832
998 338 426
630 559 622
343 911 80
210 318 667
48 781 287
200 248 382
624 434 613
686 399 921
252 338 142
670 831 739
934 86 659
851 449 153
738 979 975
968 849 613
771 746 902
373 729 266
951 231 123
614 906 446
760 409 839
981 5 2
366 79 271
17 39 843
429 676 770
357 922 291
94 993 912
580 744 276
980 786 777
147 914 598
179 810 914
516 620 958
839 731 76
549 668 600
526 297 648
854 514 491
569 302 181
692 82 6
946 310 9
905 407 653
234 214 943
897 981 254
74 198 910
975 205 311
684 868 465
91 634 185
23 857 724
400 967 683
304 466 613
919 528 761
874 660 355
601 708 252
349 524 391
788 431 44
135 492 284
480 672 359
994 136 440
426 616 295
941 271 23
491 248 208
678 282 400
705 842 732
219 723 791
898 459 579
864 606 175
210 160 169
359 246 467
343 61 738
184 711 994
955 144 283
747 175 596
666 357 360
280 47 450
689 404 564
544 80 525
100 971 151
423 738 760
872 450 283
238 12 538
597 428 944
732 655 773
971 101 849
168 663 901
942 709 794
786 650 448
278 394 986
730 183 993
789 338 833
413 106 490
961 280 415
223 582 715
708 933 388
794 908 695
318 422 193
879 880 308
562 298 135
34 380 156
123 936 805
764 194 783
682 66 960
417 762 886
809 402 144
456 728 964
803 695 695
58 187 637
294 100 656
527 752 54
60 341 18
26 268 413
2 283 386
193 817 255
251 625 806
843 868 767
988 949 343
748 586 684
670 951 913
364 679 290
813 817 566
454 944 32
406 145 667
43 170 126
940 923 141
909 682 924
849 632 635
810 629 276
938 477 49
277 154 696
90 495 323
469 523 87
317 744 455
579 19 34
550 77 221
234 676 535
575 367 314
791 160 994
810 696 983
552 148 381
369 238 330
225 409 23
671 658 229
723 779 243
699 664 254
2 533 218
219 129 465
757 680 992
990 636 897
489 354 323
656 408 682
590 214 460
537 100 495
389 807 750
224 457 316
142 596 384
707 298 881
205 952 322
571 886 206
815 541 104
413 760 864
159 198 882
371 829 447
163 387 385
599 479 306
518 20 199
650 211 299
826 553 588
101 956 308
179 474 577
854 608 788
369 574 692
175 438 973
818 345 647
672 724 942
327 462 980
353 607 530
552 718 186
907 417 948
380 391 782
800 803 415
481 736 665
795 294 317
732 10 722
729 572 767
189 543 259
761 94 550
279 653 960
131 303 309
438 938 576
905 215 91
826 894 294
728 713 123
350 363 412
829 709 336
955 715 758
266 108 996
643 555 104
915 977 519
91 805 292
703 118 650
167 13 270
789 71 747
236 525 981
120 777 846
331 99 712
342 124 412
51 414 534
717 284 858
106 648 191
760 945 278
780 345 359
720 740 849
237 598 435
366 833 147
424 478 774
624 354 935
709 44 527
865 658 201
48 432 813
596 706 130
44 509 958
988 769 698
354 402 561
439 705 588
302 850 1000
946 397 983
858 216 198
637 894 241
123 903 815
276 934 838
77 986 419
703 551 6
865 791 241
380 311 685
3 296 774
697 68 385
32 985 26
40 889 288
495 607 72
424 424 908
894 523 54
293 803 529
686 204 456
720 575 268
410 898 353
65 842 10
86 238 551
56 260 737
800 649 256
755 213 644
714 458 1000
885 743 835
654 895 906
542 226 875
741 619 602
479 52 238
816 322 787
789 131 511
682 344 8
461 971 39
193 28 859
804 18 311
869 347 643
173 691 181
134 972 611
732 16 540
390 421 615
908 273 693
143 572 992
313 762 20
268 27 398
625 612 46
738 253 430
267 258 530
938 711 455
975 282 417
538 918 545
363 764 53
12 972 379
360 990 865
871 53 641
649 988 234
332 755 838
149 383 472
563 697 741
396 994 37
66 30 746
896 491 176
89 222 393
729 51 346
899 141 963
941 271 978
78 675 990
418 607 727
665 564 978
162 890 387
716 141 351
130 702 602
545 216 770
674 347 911
175 947 76
419 359 139
253 495 139
225 361 814
375 474 267
328 672 538
897 603 134
998 229 499
461 473 294
47 919 528
111 649 44
380 951 544
3 310 544
251 576 50
614 6 748
908 663 168
48 851 458
777 80 461
776 293 942
508 612 365
732 29 380
753 194 633
619 246 439
987 448 690
59 79 921
331 545 857
518 907 312
582 569 826
334 568 779
106 285 173
13 149 724
154 614 247
297 162 897
644 355 663
669 236 803
513 909 705
839 748 336
489 251 348
777 763 168
538 566 697
784 963 64
699 78 312
255 798 45
402 572 185
218 239 44
273 440 522
269 623 191
889 647 706
171 110 531
67 90 517
913 317 866
816 367 701
266 83 949
57 66 912
468 914 400
301 797 108
462 643 258
121 795 911
158 563 202
648 442 866
704 300 538
697 121 999
275 999 519
918 734 116
863 465 970
491 354 628
604 682 916
954 371 889
714 763 549
239 265 653
202 533 347
922 483 951
391 36 590
667 371 246
711 454 549
956 524 225
968 682 9
105 258 18
424 515 586
698 778 242
406 599 733
204 59 88
394 10 134
620 32 551
795 432 45
687 511 366
45 475 543
641 223 852
815 134 858
33 950 403
190 128 45
231 431 145
760 711 302
932 159 376
636 766 596
717 6 802
814 538 902
988 681 622
165 993 749
584 826 833
66 153 65
971 333 458
220 718 997
525 937 328
409 393 79
4 871 220
394 210 387
25 321 894
128 691 929
476 564 713
575 479 870
201 80 469
942 54 278
523 303 567
62 219 385
809 48 243
630 125 112
194 406 235
374 948 28
973 268 94
454 253 966
240 733 665
614 629 329
696 175 618
389 967 361
124 400 779
726 498 97
826 243 523
157 526 356
809 778 957
891 782 532
864 836 615
710 151 343
28 353 585
70 98 800
7 501 433
300 499 397
435 902 457
61 928 567
204 175 149
395 566 628
330 770 763
288 223 256
376 39 439
536 701 6
661 86 352
454 574 925
579 517 811
224 947 973
708 556 771
247 234 647
477 762 90
289 205 339
34 745 699
165 618 294
865 811 444
311 635 59
761 573 209
663 834 862
502 796 538
507 462 720
688 774 912
261 422 253
965 489 387
955 573 902
502 247 328
942 165 416
416 154 93
477 979 84
182 457 719
862 622 593
309 798 491
209 327 578
64 822 339
865 17 158
10 566 350
244 828 915
811 401 399
665 478 81
996 703 747
238 408 491
851 623 967
710 281 419
736 232 796
146 728 823
877 616 931
316 588 830
230 607 897
373 174 251
655 182 460
295 559 19
764 616 349
12 463 521
38 102 932
318 605 247
47 993 95
815 324 795
825 940 897
244 895 568
853 947 751
899 565 680
457 5 665
610 519 63
504 102 67
803 339 1
153 814 287
975 738 890
147 436 67
559 215 751
207 35 463
718 481 127
712 663 38
333 666 562
875 869 654
312 686 358
187 379 672
241 161 69
96 668 412
710 748 786
989 864 697
253 250 457
805 473 622
944 999 84
602 997 608
633 612 70
260 175 162
649 225 87
261 232 314
907 640 472
351 982 351
85 65 252
514 864 344
79 763 604
190 611 978
379 431 72
343 726 642
761 509 629
730 737 919
273 148 307
413 563 307
815 435 123
481 130 635
691 848 615
481 729 882
949 941 356
96 692 852
398 128 152
124 195 386
160 641 322
384 39 764
874 484 401
555 462 730
595 830 440
295 692 656
362 856 399
537 84 792
10 233 565
750 208 261
862 149 825
539 559 868
651 586 281
931 437 452
272 388 145
335 320 739
478 744 905
30 590 828
9 656 33
173 524 70
416 640 459
238 528 916
907 168 567
458 991 739
818 691 584
762 197 158
4 819 667
235 341 538
42 408 75
494 784 913
212 549 28
724 474 141
356 661 516
366 128 372
536 845 190
596 732 513
767 543 587
531 410 180
821 748 112
466 231 602
104 814 149
291 635 577
979 404 180
643 28 469
115 82 186
641 135 795
940 812 36
182 553 430
265 694 79
461 808 637
793 949 44
363 411 740
100 549 426
985 680 265
324 448 9
374 38 248
927 576 718
653 203 403
924 407 903
23 158 436
253 37 391
748 460 847
663 978 36
932 973 804
141 561 361
409 352 440
117 823 387
880 957 72
667 288 332
650 75 8
535 139 669
309 961 994
590 200 449
770 407 479
853 191 748
423 420 954
409 827 551
65 954 450
36 482 214
100 906 733
613 777 461
734 921 187
180 848 961
95 786 260
135 137 695
643 152 584
819 746 620
780 538 780
255 362 744
245 485 694
655 751 128
189 392 943
107 191 789
828 759 201
337 537 464
608 19 902
918 311 554
673 439 927
570 967 313
458 373 654
889 717 618
42 235 870
3 128 741
865 778 859
492 16 850
632 146 200
166 832 801
907 649 255
504 39 450
289 290 268
235 950 563
420 667 872
850 659 499
618 50 913
327 983 804
482 259 281
737 652 782
258 342 955
303 445 651
929 18 479
362 602 54
91 61 677
808 554 20
264 70 518
811 689 132
348 789 632
868 888 902
720 256 891
656 575 593
875 819 73
581 567 526
340 413 243
105 227 90
965 205 322
688 271 983
218 669 297
954 156 939
187 184 908
839 469 366
933 31 728
602 404 973
529 327 489
958 162 838
545 184 527
942 785 267
548 759 358
540 977 177
531 524 589
767 916 622
245 888 689
405 782 76
645 67 551
118 553 252
924 728 31
886 80 315
190 44 42
694 257 562
745 283 29
379 570 863
22 168 609
179 781 536
421 995 326
669 58 94
25 504 345
941 407 313
360 92 10
126 900 5
788 518 132
649 821 415
394 628 178
184 621 989
174 197 865
456 19 616
95 700 661
492 688 137
766 842 694
557 944 96
99 516 239
715 847 628
534 500 216
228 903 970
154 270 443
354 988 638
257 88 504
769 193 955
947 177 529
129 482 851
614 755 56
536 218 356
561 411 746
267 485 848
348 222 377
117 451 596
381 544 550
525 850 283
336 486 9
977 182 256
941 882 632
412 658 630
513 916 863
596 203 16
379 358 329
211 30 237
340 68 204
217 677 763
156 852 240
688 158 1
385 456 649
296 795 331
438 225 359
705 283 51
169 383 800
79 389 410
921 411 825
950 700 834
346 578 773
828 408 777
63 437 194
530 802 845
289 906 522
310 207 165
89 821 813
525 326 253
30 122 930
490 440 695
168 924 722
784 231 813
99 963 11
71 414 121
317 851 415
866 749 452
834 647 482
325 260 841
101 188 807
578 934 620
423 646 16
137 912 662
182 216 5
828 915 209
992 272 888
494 700 604
928 160 544
471 149 76
126 736 413
813 440 184
99 922 817
510 458 203
942 433 536
727 754 422
343 919 540
797 67 30
81 795 490
499 115 183
598 583 889
338 550 92
444 46 450
200 638 195
707 547 529
980 344 926
419 842 552
660 368 957
876 826 628
555 445 601
599 580 657
270 200 758
797 560 625
130 330 823
364 559 695
771 874 622
632 182 256
419 350 303
65 263 221
949 244 972
641 396 383
16 292 648
874 598 895
714 916 172
491 255 999
961 232 834
16 25 351
796 769 935
199 91 321
562 867 89
686 249 32
663 230 993
810 90 439
178 888 419
684 918 680
7 373 249
279 289 666
527 435 625
804 649 462
840 628 681
993 714 718
497 884 81
835 391 895
99 996 935
971 385 149
688 866 461
96 382 218
955 256 38
547 290 181
330 843 138
350 363 787
549 521 264
797 8 785
153 577 587
456 107 318
285 566 240
960 815 229
667 94 165
413 860 469
761 950 948
733 757 161
138 111 316
437 627 128
417 237 403
999 836 831
944 388 812
694 239 467
550 519 131
576 986 796
234 377 786
349 654 660
146 200 132
194 83 528
679 944 560
425 608 625
569 648 795
921 426 700
757 893 720
237 224 134
304 115 768
56 49 198
691 348 389
777 45 809
125 849 535
863 117 949
394 905 641
214 518 441
209 856 507
726 625 445
772 314 968
947 369 283
271 774 267
961 288 187
252 551 500
288 980 114
402 69 86
434 251 884
823 379 452
394 951 201
171 328 44
284 66 852
278 163 618
519 660 696
792 374 114
717 710 501
165 139 882
899 272 564
448 543 706
790 357 852
210 602 931
227 628 595
241 241 530
435 871 903
729 501 581
619 376 976
576 47 917
342 749 449
837 797 736
626 418 313
403 461 692
42 243 714
352 18 327
433 498 839
243 869 362
734 430 214
43 791 419
310 610 219
61 185 331
960 182 130
714 869 860
234 135 637
803 953 645
562 369 854
14 962 802
976 42 919
169 142 790
404 604 474
845 184 851
520 609 181
315 817 984
356 314 599
28 72 678
345 622 512
298 150 55
278 66 52
325 207 943
352 549 89
254 267 839
136 504 471
501 25 194
87 860 845
318 297 841
384 972 372
876 357 122
180 935 628
343 834 716
910 435 334
603 366 433
531 365 410
286 236 470
994 784 690
104 427 835
465 924 403
500 479 266
25 397 208
247 183 210
828 706 950
902 633 467
10 133 271
207 260 276
71 873 229
122 20 549
700 149 538
971 359 10
527 844 983
767 855 29
746 914 464
660 794 559
747 415 213
926 827 113
685 290 148
5 286 749
548 992 35
456 487 770
778 783 662
513 888 676
688 249 472
369 597 26
164 73 620
984 278 521
748 716 898
52 679 947
265 386 638
516 869 884
149 940 912
192 537 772
888 840 124
351 889 884
70 148 887
172 183 514
50 304 587
578 712 50
768 872 145
495 718 818
573 605 922
576 588 569
951 912 526
776 159 942
252 426 544
564 510 493
476 298 591
755 447 417
609 474 716
22 921 687
459 901 384
627 501 589
158 555 81
381 733 788
928 624 650
302 655 299
395 661 402
346 785 963
364 107 710
892 23 995
332 414 272
593 573 786
368 853 912
745 369 770
136 674 330
693 530 540
176 336 204
437 811 72
876 422 34
569 815 487
884 910 540
716 157 638
965 578 928
935 963 907
814 323 650
62 350 908
996 153 293
651 989 704
506 312 328
656 838 908
464 759 481
985 47 623
573 834 119
791 935 898
797 307 251
602 755 918
9 868 101
587 709 959
793 823 545
366 181 187
971 28 19
932 390 278
257 915 162
5 2 696
354 72 782
760 171 738
196 313 754
273 44 751
609 522 788
635 724 329
418 572 22
675 811 204
151 462 783
698 532 568
997 816 28
248 83 532
746 922 962
844 978 698
928 374 285
304 381 518
485 134 30
136 505 135
546 969 757
972 371 310
879 858 215
22 914 261
433 117 868
15 682 659
870 316 265
682 319 393
948 45 44
462 969 575
998 450 449
309 812 700
552 518 981
996 320 629
57 326 794
815 247 487
556 122 507
386 268 949
988 873 148
403 954 434
209 50 958
550 757 11
743 894 808
833 134 960
688 766 997
914 887 632
528 719 841
613 56 838
131 298 442
211 957 613
722 521 686
168 956 992
194 648 405
71 686 102
809 475 106
426 228 438
680 986 223
157 743 846
519 505 471
278 876 307
8 715 925
214 173 208
656 834 753
989 360 6
425 135 284
413 341 220
482 151 646
257 42 414
74 966 645
860 361 405
212 523 95
627 266 501
925 875 843
499 155 918
26 253 504
173 506 550
438 21 608
962 450 610
865 11 138
473 506 19
581 440 621
143 581 659
946 388 917
666 766 502
900 339 391
92 111 684
510 943 725
65 119 436
509 358 437
708 952 174
264 126 881
822 519 48
414 384 812
337 635 471
942 396 544
115 278 335
947 546 29
434 891 581
439 572 269
985 125 260
603 820 423
179 861 546
93 868 750
832 808 794
36 680 57
823 728 801
662 817 932
920 280 530
407 406 376
44 408 351
312 11 989
415 835 35
678 827 264
479 639 718
772 780 869
12 957 437
827 596 988
837 986 626
810 246 413
969 382 503
830 95 4
486 587 912
544 212 283
204 128 9
975 331 106
87 7 31
187 301 101
118 950 384
729 281 652
37 600 851
87 770 423
693 583 840
930 548 203
432 323 144
896 756 279
298 734 892
458 88 88
659 873 770
323 132 242
339 208 335
506 364 496
47 111 811
598 300 845
123 411 41
331 977 659
314 47 538
792 470 54
727 744 138
204 436 3
482 918 422
786 48 714
810 85 26
259 164 243
96 849 217
673 722 492
376 263 317
703 841 962
175 294 728
989 313 622
205 541 254
130 10 888
910 20 100
972 263 773
333 823 652
454 338 482
99 640 942
852 794 68
226 774 496
92 864 539
211 261 322
802 337 436
388 931 171
39 95 241
239 883 339
923 570 37
637 413 697
967 865 942
869 952 277
80 390 47
367 211 745
871 503 920
510 160 83
713 415 602
650 15 762
556 275 221
833 963 700
469 830 130
633 415 108
189 7 457
203 865 334
973 15 623
495 423 825
34 354 852
823 476 536
689 818 114
846 970 618
49 910 236
734 671 42
43 21 953
524 889 272
735 805 705
325 534 482
992 415 83
282 222 74
439 201 453
772 477 356
979 353 442
213 494 213
787 133 451
466 85 164
591 311 27
300 7 248
137 888 420
572 712 229
387 70 625
828 826 380
157 295 866
517 4 296
829 302 135
711 623 974
1 916 598
610 866 62
993 10 474
826 504 392
533 723 778
294 833 243
643 232 546
33 64 643
469 745 382
116 15 841
233 368 3
209 619 731
277 628 934
499 302 513
252 476 924
670 193 569
259 673 138
184 13 364
246 933 542
783 197 690
54 289 639
850 280 621
461 192 562
478 936 834
392 835 784
112 598 295
148 279 857
559 239 498
941 935 917
313 898 709
553 630 60
723 107 525
56 682 366
816 837 385
267 317 948
525 583 288
317 975 487
325 386 714
569 930 338
972 872 178
7 177 740
711 341 554
804 756 767
921 538 52
969 930 109
932 655 690
265 181 631
864 930 254
353 186 640
81 118 991
534 166 255
911 96 139
990 91 657
683 27 140
894 201 626
680 197 831
163 301 829
651 117 909
614 271 421
986 355 127
4 14 962
331 130 872
334 640 176
298 902 717
363 335 257
705 581 965
263 568 430
959 480 378
892 337 6
212 721 314
798 340 661
263 605 74
942 360 887
962 825 722
925 749 278
651 876 28
11 511 169
807 368 96
858 634 825
691 847 573
114 795 402
564 779 303
183 46 2
817 893 529
993 385 78
226 710 587
666 704 277
564 513 208
259 310 13
364 792 563
828 356 493
374 305 891
511 934 812
121 264 404
719 798 466
78 581 205
290 361 597
295 316 310
942 416 332
744 342 352
448 902 875
32 37 316
487 561 487
293 120 779
279 784 599
735 549 695
527 834 15
520 396 83
175 289 240
604 413 884
217 923 66
526 733 928
584 95 523
147 1 643
215 109 664
890 354 607
189 382 593
16 976 510
340 688 660
32 269 37
955 836 338
968 635 192
749 355 168
546 736 738
515 29 303
391 207 218
534 774 373
740 845 712
576 329 810
922 739 516
697 869 619
346 383 591
331 389 731
670 740 146
31 156 158
981 368 628
809 764 409
503 501 225
508 449 280
255 387 657
545 879 76
664 734 683
859 317 993
684 376 220
367 579 817
317 276 373
405 245 338
3 968 780
950 771 22
989 566 973
647 307 641
511 329 436
284 890 699
578 473 184
870 991 12
805 528 909
854 154 743
643 736 914
115 635 242
383 882 606
968 546 649
791 252 377
45 51 559
917 270 633
25 809 989
908 568 990
94 860 268
354 473 305
847 571 720
785 94 671
888 223 832
491 348 230
907 561 99
538 955 471
364 25 295
874 85 902
973 373 358
994 869 191
3 199 672
276 658 681
608 335 31
362 342 773
984 386 861
322 291 562
265 302 840
351 658 848
98 596 914
845 745 348
193 818 348
685 523 255
435 550 75
980 670 898
658 993 988
843 628 630
63 873 449
603 840 110
766 145 86
566 553 584
478 818 898
609 556 961
851 868 873
995 871 384
417 932 963
470 695 329
901 691 843
481 329 614
566 623 580
675 946 496
396 329 61
203 341 580
633 450 670
474 582 952
714 810 250
571 301 267
135 299 546
947 549 651
182 838 526
908 560 806
806 13 449
787 86 355
281 990 70
987 122 2
829 657 640
43 935 954
697 415 425
411 396 343
632 998 664
48 688 181
500 137 700
268 393 791
412 51 397
529 455 653
717 837 469
214 57 663
97 631 228
256 492 235
306 331 684
828 846 173
364 843 247
768 712 401
797 596 33
421 938 943
646 300 759
377 659 161
304 95 854
98 194 569
814 458 492
907 71 341
953 3 214
491 435 316
792 372 260
799 676 892
621 939 851
71 763 127
575 678 790
173 112 920
622 359 994
675 579 922
243 514 119
238 725 380
7 601 358
830 228 24
174 13 237
964 173 23
279 532 623
421 961 884
194 924 596
624 809 606
196 557 927
470 771 151
372 768 535
858 871 279
202 182 200
56 378 926
770 101 882
315 539 916
498 426 7
644 647 183
302 410 376
150 309 214
854 62 313
841 562 498
217 445 171
451 360 342
608 846 242
917 112 736
755 382 816
211 390 141
928 603 495
848 620 949
897 396 514
637 274 877
5 377 791
802 241 669
270 672 294
203 515 270
478 17 822
588 305 96
203 174 111
342 437 66
496 559 291
784 231 633
101 608 727
371 756 831
696 457 561
294 947 678
997 265 227
369 444 725
377 863 356
26 179 496
217 701 104
647 135 507
90 83 590
885 40 487
261 896 648
322 10 687
764 635 816
343 622 737
252 448 779
390 305 546
657 296 551
209 737 586
843 185 374
900 700 47
811 974 88
133 394 346
589 951 313
433 742 440
581 601 791
972 763 497
957 87 624
703 553 235
93 227 591
276 340 704
387 108 66
962 414 463
623 501 84
787 647 64
199 503 668
909 62 665
652 383 966
764 979 784
582 95 957
965 556 144
115 696 769
679 912 453
62 243 432
348 167 967
209 637 993
107 345 992
135 913 956
37 787 1000
312 359 518
339 384 124
848 764 922
321 154 690
790 283 67
930 102 22
541 411 717
292 923 293
72 650 401
637 298 622
614 354 348
150 540 110
194 714 314
154 701 269
662 450 163
838 134 386
369 346 503
312 271 140
29 641 506
991 460 997
810 682 491
519 622 814
556 65 825
718 312 628
301 610 762
658 642 849
507 10 798
344 756 726
612 381 135
193 971 12
345 96 232
313 235 779
403 89 650
198 29 295
143 61 848
882 80 2
938 937 975
188 350 602
760 386 422
521 73 571
474 508 223
793 687 203
423 969 497
649 883 804
279 718 406
136 735 490
53 782 886
255 18 868
709 261 873
860 529 670
245 357 38
416 836 483
465 228 143
476 66 689
546 241 512
981 178 545
273 591 237
827 502 530
808 600 217
774 805 880
816 781 254
923 610 20
420 973 945
77 826 730
224 491 861
603 16 381
527 80 740
88 263 546
610 474 340
914 369 64
468 399 870
783 48 428
819 559 256
610 835 33
236 438 653
698 869 505
22 10 841
432 896 113
795 198 601
223 705 364
205 266 18
728 825 950
52 893 418
292 977 756
653 422 485
287 683 321
294 683 284
637 904 754
896 20 336
881 485 523
560 468 550
198 30 138
716 828 746
991 477 965
545 437 318
892 447 250
824 570 95
885 714 875
89 721 307
52 862 235
523 867 563
647 900 53
116 106 331
675 449 176
771 292 426
912 656 776
535 548 331
834 939 45
295 587 728
404 509 56
417 650 639
727 713 120
554 462 128
734 211 747
641 800 294
840 103 391
294 569 178
833 474 642
506 65 795
759 523 23
502 572 433
370 696 953
721 372 261
770 311 826
34 953 881
343 7 80
142 873 545
120 257 938
74 806 767
213 66 264
860 83 262
988 181 62
69 424 120
819 917 117
474 268 654
171 985 21
487 912 354
780 220 605
559 104 191
974 974 747
855 256 945
276 316 467
941 185 718
362 523 279
297 258 635
383 836 894
417 275 788
180 233 590
340 390 770
396 288 614
966 370 579
625 54 352
225 640 583
514 383 701
796 681 119
147 791 551
752 703 458
468 51 1
869 132 377
460 378 634
139 982 610
883 930 722
592 544 61
874 348 715
221 131 935
933 853 274
286 568 40
298 932 46
50 293 749
684 582 818
591 252 801
306 596 398
790 792 51
947 888 402
433 992 820
436 590 458
116 662 74
222 587 336
455 497 810
440 421 881
972 605 240
53 518 475
147 553 807
981 766 716
945 930 401
746 362 635
235 280 458
931 303 275
806 962 988
592 324 123
52 335 611
418 371 246
261 66 18
819 788 954
335 68 35
614 289 989
13 353 212
911 918 940
726 779 307
361 558 394
909 948 976
69 202 652
139 211 898
599 734 481
720 597 365
536 677 830
696 679 242
280 935 196
297 793 910
82 789 390
160 595 181
972 212 403
448 655 952
951 719 669
218 963 787
192 941 167
698 955 720
627 599 654
996 758 96
655 916 984
944 282 740
895 656 397
516 513 229
986 673 295
424 79 69
48 146 422
452 278 581
957 556 260
810 780 708
53 743 215
476 477 745
180 677 442
752 355 272
95 665 249
813 622 625
880 921 46
386 524 154
267 268 915
984 675 944
66 726 510
865 189 660
517 203 990
112 264 35
185 604 421
429 473 513
74 117 776
257 587 628
280 990 687
111 69 256
614 157 112
896 395 336
438 413 446
363 737 689
377 854 903
920 495 273
415 952 533
44 822 582
521 664 419
559 840 986
236 662 626
868 529 537
590 413 586
122 188 923
146 24 863
702 675 965
711 500 665
287 9 350
253 345 996
877 197 944
783 168 712
262 43 594
611 391 906
304 962 905
664 628 222
699 698 418
755 82 645
583 929 183
894 405 347
56 846 208
235 129 452
636 927 644
736 854 388
333 206 587
415 334 804
117 629 388
705 843 953
51 295 76
374 316 794
81 671 977
59 40 58
976 841 557
404 911 780
578 89 734
161 789 16
968 878 331
275 860 81
977 866 481
27 196 625
350 240 438
88 137 938
663 403 707
194 749 911
390 725 624
727 497 518
238 617 352
802 111 652
470 122 294
193 93 745
676 207 983
575 48 516
263 112 817
535 323 622
26 596 813
123 966 242
155 333 8
725 186 929
599 61 617
316 679 370
42 400 128
300 662 877
851 486 215
228 563 209
662 491 865
700 439 991
65 20 769
773 332 167
705 53 818
354 789 116
498 145 617
986 500 920
168 649 652
967 204 834
558 840 108
173 272 567
487 2 810
420 706 851
637 523 85
577 399 375
154 521 761
205 231 996
451 491 571
393 261 841
508 429 380
659 166 904
80 33 900
894 561 764
476 379 904
626 540 859
665 659 126
500 366 657
237 871 518
474 811 549
525 618 133
948 720 857
284 296 617
918 12 922
865 890 100
42 523 134
830 920 933
444 860 752
828 869 778
352 301 202
272 463 829
216 328 333
309 631 447
463 824 865
119 323 722
609 249 200
55 119 795
73 756 839
387 456 465
30 683 952
147 222 883
334 157 943
680 603 116
367 75 707
671 933 648
598 950 941
623 857 819
402 196 578
728 472 422
785 336 821
662 487 567
635 420 306
201 26 585
594 438 990
566 773 279
361 670 561
568 714 911
349 164 316
301 758 810
851 891 252
415 961 799
24 902 292
571 838 852
992 704 394
901 635 383
494 745 14
955 429 856
100 861 120
815 92 427
364 368 433
3 360 172
309 190 93
366 974 882
174 640 597
882 858 167
371 941 157
818 694 956
971 585 379
181 984 977
158 356 106
18 552 452
512 367 643
924 691 831
738 419 672
382 753 904
685 914 731
243 336 242
108 316 578
150 974 544
879 840 610
611 550 778
199 949 618
979 845 164
887 632 625
625 177 646
736 555 197
522 572 14
691 124 433
553 443 64
916 764 679
762 954 386
813 618 803
952 475 312
292 369 443
510 695 563
268 313 536
241 518 221
930 296 829
943 499 291
533 975 427
597 463 557
558 435 191
934 314 371
668 453 281
378 103 182
628 905 305
28 562 77
129 414 995
65 1000 534
51 315 339
799 140 782
152 949 600
221 828 438
317 287 765
396 369 666
698 118 380
38 102 1
751 742 90
619 985 790
514 277 835
115 626 846
685 531 411
532 145 501
786 686 832
880 69 28
272 590 248
180 135 321
600 127 182
250 787 228
897 324 473
236 466 946
42 74 766
659 300 915
719 689 154
773 903 503
34 772 913
602 706 716
721 253 339
560 542 646
616 385 292
553 57 990
607 174 55
141 751 12
449 780 611
700 919 237
170 452 882
15 747 307
771 656 26
172 780 228
920 92 420
827 694 298
359 67 596
316 378 366
600 138 278
36 855 265
531 205 553
323 315 514
885 172 508
752 107 227
958 714 682
504 395 138
512 231 288
235 61 593
256 899 256
780 894 978
928 406 16
861 578 756
585 319 698
29 271 155
287 535 48
909 809 123
868 849 436
989 168 337
659 523 567
726 270 233
582 781 910
426 544 493
941 971 639
331 191 935
552 978 61
717 478 910
368 582 673
800 649 16
836 397 815
880 258 197
908 374 11
773 516 365
1 701 986
723 19 893
989 157 397
799 805 634
984 561 399
161 87 132
723 530 77
969 321 555
883 575 875
175 405 628
774 307 311
710 32 836
830 666 758
785 545 117
508 521 793
158 545 83
866 212 364
29 285 469
251 220 262
395 838 245
472 178 233
952 830 421
579 314 933
197 504 677
320 869 155
391 649 663
306 275 101
854 675 887
394 149 965
228 347 525
14 737 896
172 762 806
575 863 292
432 488 130
493 855 925
4 182 151
505 302 889
568 520 943
55 25 650
11 763 214
640 414 906
857 795 748
392 371 603
159 715 803
449 932 505
441 847 584
197 135 876
734 188 367
928 236 694
429 924 791
51 728 812
425 564 940
495 909 677
549 566 102
768 286 24
326 996 680
904 867 159
288 258 689
105 810 24
290 9 884
949 124 93
685 768 798
327 596 127
220 18 509
118 468 139
763 769 217
664 584 925
306 98 24
675 182 261
111 770 3
882 686 757
25 986 920
66 771 945
263 18 393
542 65 313
790 388 605
147 122 453
3 308 716
308 162 499
180 783 683
848 797 799
31 793 260
530 882 298
382 374 530
983 290 635
95 487 677
229 310 568
125 127 820
719 556 575
686 54 853
265 153 562
472 990 255
802 823 288
146 668 173
159 970 65
418 762 614
401 426 786
861 904 383
17 814 710
990 448 877
784 577 829
947 995 204
520 741 381
384 92 669
351 503 696
117 878 796
492 924 673
67 754 408
121 262 792
345 913 941
546 886 171
995 165 243
433 639 793
806 73 166
712 367 431
202 40 24
732 468 541
166 977 601
877 847 473
626 368 688
532 349 237
670 922 604
240 29 243
277 394 995
429 146 350
988 659 197
12 888 723
522 917 957
16 897 834
322 417 105
648 405 123
70 68 162
186 627 522
133 534 225
303 366 818
679 875 106
847 62 633
599 191 301
418 514 558
103 4 473
876 780 122
82 445 755
918 626 390
73 887 174
588 543 745
920 769 501
177 91 509
605 141 426
701 225 363
643 836 218
445 109 846
731 549 64
258 448 242
561 466 74
271 222 449
470 525 835
473 345 262
650 789 165
615 488 798
768 881 19
971 353 394
902 300 957
55 834 977
219 695 514
881 486 969
174 526 391
894 211 479
902 710 314
367 49 649
674 83 31
919 590 509
369 716 176
308 479 856
553 894 309
61 477 94
381 723 260
73 297 369
780 598 359
83 858 16
71 323 26
364 907 548
390 491 829
487 355 183
82 974 775
578 178 982
910 666 240
657 822 481
223 912 738
957 224 632
524 456 604
232 972 157
232 572 374
388 194 593
891 883 118
892 359 378
38 12 928
685 367 682
298 552 987
630 911 571
149 385 696
385 646 566
957 667 411
526 295 581
1000 698 284
960 106 400
738 2 402
19 570 529
339 204 959
803 248 457
711 491 98
907 327 292
877 992 735
286 666 502
713 976 716
613 559 480
259 830 519
91 597 818
664 37 243
619 843 167
97 664 596
968 83 327
397 941 321
118 7 3
346 114 956
720 867 343
623 280 212
542 353 737
902 773 651
22 872 842
126 300 321
4 761 717
777 691 958
852 269 286
854 730 957
782 416 109
282 628 493
804 153 558
421 540 167
992 922 878
474 629 660
633 647 515
685 840 32
611 722 978
756 302 853
328 105 378
745 167 50
554 779 265
743 126 66
638 603 846
334 650 940
528 654 518
598 572 674
347 716 999
316 489 915
78 612 39
485 635 662
400 668 873
338 508 701
906 688 53
602 147 302
794 27 196
673 596 78
642 154 385
442 335 147
445 57 346
40 966 881
580 383 973
669 751 961
807 789 657
940 718 206
531 692 546
212 163 51
376 88 942
584 219 531
312 770 652
523 721 255
581 74 18
736 207 944
225 953 479
897 886 684
258 93 914
5 343 101
441 450 693
115 68 653
272 531 53
306 700 673
834 321 316
50 95 742
461 821 637
732 995 160
236 826 287
830 717 367
646 953 352
778 191 249
106 26 257
305 73 785
691 72 409
593 482 383
751 669 589
471 685 773
568 401 226
739 137 808
935 762 359
293 581 811
637 334 921
431 218 422
485 634 949
312 268 840
184 211 583
806 94 920
20 352 757
68 682 324
958 520 640
348 8 815
13 519 642
292 586 616
163 55 196
330 603 919
46 531 361
381 489 131
259 947 327
728 439 816
853 884 597
463 621 622
844 132 609
457 284 988
239 160 371
756 92 813
185 598 912
158 268 615
539 93 702
142 139 889
403 687 446
971 167 77
191 85 835
23 592 566
213 43 351
865 358 318
650 724 687
562 453 778
772 496 204
436 537 343
764 860 688
469 239 374
919 490 96
624 199 363
836 517 239
291 713 1
116 597 278
434 341 499
578 839 568
24 351 523
64 979 165
324 965 948
939 365 421
311 832 394
914 583 420
217 757 437
856 976 925
392 584 582
143 586 267
930 487 334
803 946 429
793 355 916
113 646 946
862 271 248
966 51 984
264 72 686
815 397 397
821 449 664
925 290 922
972 288 809
396 346 1000
626 34 84
785 4 664
578 185 50
431 134 719
67 495 273
832 820 839
602 469 938
483 615 864
269 2 996
890 151 82
441 31 171
826 651 942
766 689 256
570 66 51
450 305 476
87 290 45
578 736 928
437 57 754
107 972 282
518 193 270
435 633 555
733 931 718
72 874 948
267 563 688
118 106 300
704 122 876
516 264 822
456 115 786
425 358 122
799 364 705
387 126 431
615 930 194
166 578 514
516 826 307
620 240 782
672 468 335
224 474 404
7 811 629
505 846 960
473 359 563
763 345 106
892 219 987
236 85 813
965 4 830
496 444 196
364 54 220
104 762 456
304 485 512
857 507 864
696 587 209
844 521 549
52 911 83
587 227 616
177 266 428
178 137 805
458 860 591
590 149 160
458 52 809
873 235 643
735 472 981
54 464 587
894 282 744
985 647 844
535 758 226
967 997 241
890 526 664
96 560 994
795 124 715
465 308 34
743 781 108
28 166 78
116 61 831
723 353 391
765 975 258
985 905 788
90 282 315
916 195 382
67 894 513
724 695 127
481 170 702
65 670 330
570 769 703
29 326 974
621 630 334
116 623 763
510 8 173
793 254 244
921 872 113
151 503 118
261 803 343
416 937 275
782 920 566
892 38 65
661 881 74
835 499 618
957 457 845
860 363 640
80 44 772
636 212 338
455 237 494
961 467 393
701 154 582
202 10 204
956 284 312
100 856 150
731 140 898
653 674 200
395 682 948
173 895 608
603 414 503
482 38 453
907 897 597
878 712 115
267 464 516
260 495 215
534 372 535
154 725 226
347 219 294
188 849 410
683 269 972
623 219 147
692 408 196
1000 145 958
781 8 128
89 196 205
449 55 198
160 33 850
37 442 324
837 747 718
241 420 982
975 753 15
565 36 697
395 355 337
752 772 140
139 72 181
681 337 399
545 991 715
533 211 913
204 228 696
809 699 54
614 505 449
683 527 997
177 337 560
737 4 628
763 382 782
344 826 325
38 201 448
399 950 227
609 857 777
38 119 483
512 400 267
542 455 509
592 433 400
420 614 917
826 853 509
845 899 64
548 51 981
521 597 71
528 622 483
744 673 841
399 339 79
718 621 610
549 522 873
53 566 20
974 215 837
302 934 110
675 442 233
293 587 718
931 140 379
262 502 112
829 777 922
704 249 734
544 970 197
862 457 424
998 671 682
611 328 785
849 996 250
67 827 677
862 129 947
364 551 153
781 377 139
343 600 340
49 812 944
116 508 489
280 287 633
612 890 656
74 142 756
561 223 874
912 27 260
693 372 18
100 300 969
263 170 998
652 434 216
424 229 89
289 581 669
987 167 562
40 163 694
882 440 503
408 218 776
755 610 222
517 778 957
230 924 988
873 679 449
279 46 819
61 872 816
848 607 510
989 982 922
31 426 302
691 615 340
515 125 467
842 476 672
391 53 610
16 522 482
707 401 137
89 556 242
479 232 30
832 200 775
281 613 441
736 770 939
505 350 543
324 207 115
984 664 187
767 529 383
596 387 780
269 771 513
868 427 975
994 270 595
111 141 250
683 251 108
23 802 167
334 261 254
821 745 965
586 728 7
847 41 273
698 157 523
271 324 550
855 171 616
375 876 742
985 690 952
611 443 807
822 549 395
521 452 130
875 997 726
776 172 304
321 678 527
187 948 189
788 357 191
743 583 94
982 550 56
93 325 920
914 947 120
804 575 13
998 583 935
739 42 324
606 938 858
412 274 916
906 286 193
803 688 978
439 362 599
239 862 613
96 718 253
330 331 912
843 404 241
811 828 664
631 966 686
250 596 974
404 954 860
215 517 7
15 761 271
117 226 969
173 547 191
38 919 842
321 619 694
666 266 145
115 318 936
892 516 330
796 43 467
40 966 229
711 623 978
907 136 120
10 847 824
786 135 25
135 526 2
624 512 830
871 888 421
965 635 351
118 242 443
621 786 998
953 836 312
224 499 317
627 573 592
346 174 953
86 331 690
781 355 977
436 165 904
743 416 794
702 558 926
578 308 267
587 138 417
841 371 920
272 845 484
331 754 149
764 158 244
675 89 945
42 920 264
138 5 254
31 100 491
182 647 674
948 485 392
946 509 255
244 537 727
274 71 274
815 490 700
763 978 760
918 202 747
821 569 615
647 929 531
514 917 135
773 461 842
367 363 483
429 421 176
665 686 362
418 444 761
237 978 470
266 247 259
896 95 823
270 596 620
783 532 916
306 910 368
166 61 683
243 976 317
125 533 505
724 983 751
709 719 790
577 313 779
97 741 759
637 40 988
849 954 864
11 285 534
486 945 470
157 61 7
983 791 740
835 438 971
568 774 351
791 524 798
421 321 99
513 914 972
610 653 660
508 22 992
541 624 736
958 605 461
616 478 161
188 273 2
334 911 353
358 827 489
187 962 130
897 209 22
97 376 990
239 722 129
978 793 808
107 948 425
239 90 405
427 373 518
884 240 371
408 689 838
348 398 905
773 241 17
451 273 618
370 588 254
853 133 295
453 846 736
244 966 50
758 733 896
97 254 662
81 332 1
295 955 927
711 230 587
425 788 587
795 659 698
73 306 486
791 420 719
481 956 233
597 782 353
949 224 26
125 503 888
407 821 969
281 983 237
330 296 430
911 437 789
737 792 982
638 174 441
22 753 106
263 447 711
556 131 219
496 63 395
765 496 238
798 383 679
121 143 662
964 622 15
868 449 512
985 282 147
272 812 193
481 826 637
394 724 500
523 973 417
594 373 511
491 282 193
33 565 456
915 575 155
630 816 822
318 957 846
336 871 352
391 688 295
474 120 628
154 720 582
942 455 91
531 243 456
564 813 948
897 823 447
571 10 270
556 167 321
786 351 795
596 965 528
992 737 277
628 307 39
549 428 580
938 931 180
295 177 423
200 36 651
857 838 369
430 198 912
335 416 49
494 175 444
235 611 31
581 898 643
733 875 413
435 813 126
426 682 923
265 851 64
46 244 893
499 985 137
639 497 973
76 642 244
331 738 421
705 77 176
730 424 91
534 650 259
580 264 508
588 185 184
657 952 174
680 785 224
377 511 666
497 878 870
691 509 894
248 453 528
99 529 199
432 801 8
863 670 758
456 743 191
64 926 780
825 15 721
17 658 342
997 529 56
575 952 575
995 830 412
733 860 129
988 501 379
292 770 204
817 794 37
469 403 288
139 142 944
125 237 779
996 176 516
881 718 616
771 370 320
929 679 210
125 347 85
293 245 16
304 33 531
558 594 912
369 396 853
439 541 682
940 288 100
262 245 548
983 710 287
247 780 513
958 250 733
132 182 23
64 96 707
137 472 508
930 951 389
748 161 949
492 316 354
711 643 773
594 593 266
238 701 320
416 109 825
460 593 448
500 79 374
953 232 42
481 946 376
696 385 330
449 516 508
233 891 955
587 51 440
13 432 258
289 730 226
254 977 55
240 401 934
356 681 906
899 194 574
75 584 495
255 10 629
659 558 574
403 95 241
833 665 472
108 926 154
717 350 838
502 23 732
960 691 119
130 170 756
509 650 563
343 477 681
659 306 189
590 111 219
892 444 540
541 227 428
213 587 48
26 582 755
751 246 656
445 781 801
360 925 863
551 994 363
597 734 592
172 860 983
438 15 835
361 146 528
694 860 441
13 395 294
166 828 790
574 900 537
610 602 925
855 395 665
890 524 822
707 10 167
185 250 781
348 429 741
831 335 852
124 563 799
117 643 389
535 482 897
478 867 328
398 855 903
321 423 138
663 842 651
644 277 328
158 297 957
749 887 99
266 580 872
900 696 992
151 223 64
980 714 110
736 551 412
482 506 513
156 608 942
561 273 92
656 183 449
959 773 645
313 764 192
223 272 585
716 442 399
122 56 965
239 845 663
879 116 364
850 344 117
598 30 679
739 108 667
30 569 701
210 483 152
697 170 998
816 775 675
911 644 190
300 568 934
665 457 799
801 653 597
117 393 604
670 833 269
484 117 392
853 455 624
400 137 249
548 908 27
945 175 872
121 94 853
383 846 930
478 71 114
358 503 695
583 854 524
319 123 411
899 530 725
286 464 527
563 476 937
275 493 570
588 722 631
911 556 127
198 48 963
337 188 852
321 384 519
149 332 944
484 607 940
576 809 133
682 363 543
104 190 408
778 168 415
670 466 157
734 565 55
467 57 838
99 512 381
461 845 514
250 490 200
982 168 542
309 773 147
715 226 114
20 964 753
433 361 668
729 252 128
731 457 865
597 540 54
151 119 192
531 742 80
584 511 446
171 356 818
853 297 442
998 771 216
233 989 779
251 731 687
989 868 41
890 37 382
607 800 921
91 478 142
951 288 583
224 22 676
901 516 890
971 995 616
969 615 279
308 383 750
932 139 89
413 564 846
545 676 164
692 815 170
3 156 572
974 455 875
735 144 733
186 95 858
600 350 762
766 245 526
478 541 263
59 907 206
944 593 276
745 852 143
145 949 768
798 465 930
684 596 205
315 676 177
903 941 993
64 325 569
611 230 574
29 398 46
796 167 45
650 345 928
900 277 747
546 329 860
506 887 607
134 240 462
437 497 142
468 190 22
504 845 353
661 231 425
52 119 687
707 254 461
550 503 384
956 947 479
671 171 862
281 5 468
666 56 371
630 754 108
87 997 579
101 629 5
800 327 399
778 686 693
539 922 149
190 859 711
9 456 890
189 810 322
845 279 878
142 904 390
839 722 958
226 800 239
934 33 750
385 112 411
231 494 290
718 775 253
139 689 453
262 661 309
273 696 57
56 567 611
751 85 809
137 928 705
886 718 338
659 930 582
702 258 931
532 661 541
155 538 290
446 250 506
421 767 783
506 491 279
659 217 348
158 900 189
711 48 202
217 818 882
715 438 75
908 636 623
705 658 200
455 109 16
123 169 913
377 543 813
276 1 406
639 894 442
632 743 941
435 459 442
618 467 61
492 732 51
787 398 880
280 300 286
342 18 371
741 109 826
121 166 248
258 121 710
70 113 242
101 268 491
242 425 917
939 535 894
434 142 236
88 820 316
535 647 49
908 347 599
818 976 220
586 207 479
640 363 724
30 585 393
780 170 916
606 448 239
798 634 646
896 913 526
436 558 942
471 122 276
215 215 495
712 72 648
582 333 546
715 614 852
691 301 994
507 746 305
18 298 387
468 449 216
424 965 160
303 911 633
770 683 278
677 196 382
308 467 802
947 851 371
945 753 358
158 260 975
707 603 678
285 302 337
390 479 4
666 726 996
812 18 336
828 257 207
396 567 625
606 201 822
192 950 664
19 915 863
586 531 280
919 995 794
91 969 513
936 538 312
176 72 916
832 325 15
138 127 245
804 980 544
843 820 900
90 878 248
245 695 702
224 858 400
889 632 96
937 983 434
569 373 488
888 834 263
353 89 551
201 27 503
1 127 416
339 7 311
526 440 360
138 513 64
294 577 355
484 692 179
672 127 161
628 429 307
42 588 74
91 207 245
385 428 63
744 635 56
837 234 941
12 198 729
694 458 171
845 951 290
867 978 326
939 296 206
266 411 339
19 398 238
554 301 386
664 441 536
109 781 689
528 30 448
187 615 777
378 835 690
456 569 457
96 106 619
488 870 383
868 140 242
773 459 73
395 625 242
811 186 299
740 190 336
450 182 423
376 771 689
805 615 392
261 987 394
922 24 847
869 727 990
708 863 348
992 824 887
692 98 732
49 291 26
197 271 213
246 424 669
676 764 541
507 313 216
756 910 426
65 615 175
189 621 812
379 829 510
78 317 928
959 41 855
725 54 796
487 827 165
987 381 687
525 28 659
884 276 165
426 770 108
760 510 431
235 809 257
597 59 13
368 396 670
787 32 426
852 456 143
992 811 802
425 335 302
104 982 956
204 553 476
931 918 966
536 448 69
781 469 737
73 607 289
292 282 688
276 930 175
36 650 842
376 943 721
780 44 602
871 148 261
747 18 711
197 399 675
414 880 404
565 488 44
409 208 4
320 118 600
419 708 177
534 373 624
371 296 226
714 60 512
701 817 139
739 172 826
209 342 259
41 562 479
638 107 933
232 165 380
110 144 385
528 389 703
460 886 43
644 348 855
166 751 135
387 590 402
511 798 957
689 608 764
400 591 957
259 3 419
631 541 964
955 788 927
26 459 431
528 746 609
596 873 975
476 208 853
417 380 760
576 44 703
184 988 363
568 949 736
514 870 719
94 921 1000
258 764 510
344 100 528
296 736 832
412 430 321
799 280 117
535 364 61
16 106 320
161 990 14
361 939 827
270 585 563
930 396 452
921 224 937
214 794 844
468 39 538
460 885 336
705 245 720
417 779 327
67 293 99
898 287 523
627 330 282
978 210 31
958 241 683
94 978 658
320 53 170
574 407 886
957 504 759
488 356 307
375 861 489
937 560 392
589 987 494
58 501 439
93 700 337
169 269 896
502 279 46
527 440 124
643 438 875
361 647 924
856 916 706
712 920 26
846 72 213
575 802 366
712 502 627
958 86 665
288 754 393
903 222 577
609 929 687
289 377 288
259 194 739
223 190 242
75 873 12
121 670 108
838 938 155
180 165 437
400 100 887
650 134 654
663 275 77
123 893 950
257 656 513
324 236 996
306 625 111
353 581 67
661 789 383
310 32 399
542 646 204
456 233 206
521 797 236
184 87 168
776 223 26
43 49 748
68 664 585
892 808 96
869 206 335
244 168 525
426 418 441
551 853 193
526 897 73
782 762 925
384 130 880
100 804 964
476 354 727
245 314 706
439 266 310
361 681 667
134 411 987
769 496 701
313 892 727
856 296 127
124 940 122
227 172 67
637 818 875
738 132 179
848 147 138
235 991 116
508 860 569
354 526 256
529 378 455
703 868 637
546 104 172
576 562 688
606 21 406
478 725 220
20 580 947
701 315 390
153 658 369
732 729 964
23 150 743
504 142 345
966 860 536
377 139 34
721 564 542
687 888 533
953 691 635
295 980 202
558 2 539
621 967 204
883 938 134
202 636 693
48 4 532
709 282 19
781 300 882
7 219 562
376 152 806
440 771 821
968 407 502
95 713 536
748 263 85
663 485 191
701 57 461
895 65 724
139 449 434
55 478 654
25 329 759
155 177 407
10 452 874
56 43 387
525 248 77
784 428 226
932 583 495
879 32 574
327 679 395
738 955 15
668 911 123
753 93 434
433 468 1000
850 587 156
677 417 209
586 539 629
965 22 586
247 307 767
310 108 914
677 720 451
406 269 810
577 203 159
706 384 929
240 42 549
352 559 140
696 234 725
626 588 628
616 467 523
858 953 493
65 670 137
993 163 954
985 988 762
685 923 737
365 826 477
772 562 241
509 611 351
431 837 1
44 163 48
839 343 713
370 789 671
697 253 131
428 199 117
631 681 863
66 10 696
847 168 322
717 184 421
72 25 258
505 209 778
185 213 416
252 882 458
917 91 825
230 615 428
968 59 790
490 273 979
757 917 474
293 904 851
236 367 304
814 692 782
155 482 73
629 691 643
885 695 931
832 788 503
999 808 585
246 382 693
667 560 502
766 468 266
663 505 266
564 292 114
998 32 515
757 505 37
488 803 944
854 528 209
89 222 580
453 562 313
720 737 782
750 662 406
43 1 857
586 82 627
208 779 803
991 115 397
807 149 245
61 114 835
539 674 618
463 619 917
930 48 337
893 706 910
871 548 775
40 865 410
58 507 882
377 736 515
203 781 263
573 548 178
618 213 423
210 919 74
679 536 795
188 238 808
100 60 589
877 38 54
895 28 417
96 76 832
343 911 896
159 423 178
841 276 303
615 529 251
928 620 784
356 569 984
232 639 770
108 833 933
575 433 883
876 684 18
998 397 359
703 271 947
547 232 489
380 166 749
346 973 327
862 96 473
362 258 810
703 808 567
54 509 546
432 242 540
124 803 565
757 519 153
389 933 538
908 50 589
328 142 666
897 701 116
747 288 204
845 215 874
506 662 645
598 589 514
177 428 619
116 76 561
441 256 66
36 766 17
717 366 402
937 504 145
532 207 858
743 288 619
452 305 291
940 928 537
938 39 30
159 229 15
375 899 819
59 307 297
944 470 745
661 957 562
420 200 366
37 908 977
610 293 401
231 29 792
804 167 757
806 265 513
209 470 103
196 859 652
996 982 945
255 716 391
339 798 575
581 178 81
151 843 325
907 636 512
857 742 42
88 636 116
345 126 49
319 785 689
260 422 541
787 108 188
200 295 241
299 768 487
100 79 599
121 741 140
580 992 241
629 5 909
706 246 969
100 930 145
24 415 857
781 722 295
294 796 931
194 608 440
180 204 270
180 931 964
480 85 907
121 616 819
904 935 768
907 824 831
751 489 223
869 949 19
909 992 809
500 758 39
255 587 829
473 179 748
832 730 487
910 39 770
823 12 394
528 943 196
167 833 732
13 279 686
911 630 312
923 981 517
342 280 809
896 272 268
551 379 58
842 252 108
372 425 982
572 609 278
134 508 197
241 919 591
388 312 793
911 554 958
527 868 642
479 704 850
857 391 115
861 804 497
859 614 328
324 473 946
323 862 7
477 75 45
818 376 503
617 797 180
285 360 900
380 825 898
704 365 207
154 500 409
575 520 527
826 760 437
541 35 956
704 571 685
832 606 596
554 719 178
662 602 180
464 362 707
141 7 410
321 511 304
426 660 456
694 62 71
35 972 697
88 337 247
797 551 471
846 750 158
161 726 474
87 702 852
740 462 686
592 620 454
99 641 602
881 228 135
741 925 606
584 423 770
309 319 13
366 479 515
408 752 504
730 203 997
318 480 245
197 296 149
546 83 648
643 750 528
174 247 132
692 975 571
830 340 472
285 761 466
470 821 856
537 800 232
609 912 573
544 846 359
842 656 252
721 442 586
337 146 322
105 219 585
311 16 801
529 27 115
588 664 850
300 783 896
938 212 141
168 611 69
559 911 623
285 884 680
441 785 703
488 697 512
845 418 488
11 925 504
842 628 586
975 151 913
143 185 553
212 875 720
809 135 613
97 917 420
437 458 71
843 938 15
987 185 59
430 907 666
188 179 625
175 581 724
133 961 324
185 725 844
910 444 104
896 723 649
298 109 144
224 667 937
44 514 341
252 76 510
476 863 520
326 11 48
410 823 547
810 642 98
455 136 411
923 892 936
740 896 700
347 358 359
452 152 848
904 160 951
764 368 120
531 874 287
143 599 944
813 827 235
644 406 751
386 33 141
175 961 477
864 858 584
433 218 815
41 98 499
291 275 44
144 944 138
695 992 560
867 625 571
881 838 175
711 16 339
10 173 269
865 926 764
567 709 658
100 455 698
291 42 752
142 299 835
833 19 571
966 88 391
97 778 733
796 439 996
717 668 149
617 98 191
72 205 213
278 723 751
566 512 458
74 821 592
559 696 634
258 406 280
472 507 175
930 520 566
488 981 50
127 181 413
104 831 7
502 896 50
561 223 28
502 533 503
183 15 374
432 652 691
116 340 981
811 569 870
259 848 856
847 754 661
583 557 872
714 309 570
221 274 912
387 312 262
538 915 820
196 964 492
82 537 302
223 36 570
963 556 297
380 415 77
657 991 457
260 414 197
943 766 373
5 528 315
695 661 55
995 649 262
490 145 42
22 281 365
253 810 285
192 778 386
941 565 468
243 522 850
577 874 96
839 506 897
890 859 101
182 546 183
105 148 791
451 573 640
908 203 437
979 883 766
93 242 142
433 942 678
785 124 138
222 99 890
128 492 963
239 193 973
536 674 806
670 801 250
440 555 968
312 91 567
225 171 765
250 393 848
273 262 471
491 137 157
92 482 293
843 418 711
372 180 245
219 975 704
238 435 401
831 657 306
904 349 182
616 490 153
189 620 869
153 456 336
170 3 646
42 59 351
515 866 394
513 463 538
314 965 558
575 592 241
620 325 595
399 570 326
558 616 535
62 387 809
697 941 497
795 694 650
124 597 946
287 930 188
233 977 845
204 388 307
286 24 189
625 377 918
51 566 475
583 302 717
840 443 674
698 819 190
736 759 501
80 519 803
500 660 613
826 141 190
701 985 823
330 289 225
607 433 649
421 858 470
288 936 468
603 785 82
478 984 190
265 363 120
715 411 223
953 974 881
771 759 90
807 165 354
434 928 978
757 396 906
950 435 72
65 804 583
795 277 570
281 229 532
16 517 114
502 368 617
4 860 607
238 457 905
581 392 122
627 554 676
591 901 109
177 702 339
108 574 23
786 901 721
360 80 999
937 776 56
475 773 998
483 925 143
540 227 255
162 890 220
753 771 739
772 851 876
453 587 232
73 641 632
778 837 113
297 499 872
851 314 263
713 406 125
535 941 182
32 909 225
735 76 884
182 592 541
258 607 75
296 5 576
752 173 387
392 944 367
356 445 605
933 905 224
194 332 972
746 33 930
503 809 468
368 421 644
362 683 777
325 265 766
321 484 181
300 247 629
929 458 606
878 807 629
389 409 475
672 189 257
687 992 48
282 596 300
732 773 89
881 346 818
470 214 235
127 929 875
506 485 991
298 787 867
273 183 844
145 973 86
84 381 235
508 700 955
434 222 326
355 553 618
13 115 41
768 913 850
270 238 309
703 73 156
35 607 9
439 278 679
628 279 470
269 829 368
87 549 904
116 460 939
868 734 139
169 306 11
70 733 7
560 34 843
816 769 333
672 854 16
385 217 336
308 324 789
328 74 957
12 580 87
210 929 700
786 468 173
434 755 611
771 826 4
332 805 283
199 266 103
888 30 761
285 479 325
133 992 593
605 925 113
530 618 85
370 70 66
186 418 699
382 292 354
831 109 829
419 918 457
370 784 191
593 181 372
806 743 297
913 940 283
275 224 953
570 255 350
801 333 240
358 369 910
592 462 771
598 435 279
518 770 776
38 634 789
481 400 334
866 783 876
805 17 6
740 203 140
326 881 91
918 392 181
617 28 677
595 145 188
240 930 602
128 414 773
349 966 419
163 1 686
414 977 559
164 353 220
330 574 330
192 906 516
350 993 370
287 362 998
597 27 539
21 997 456
229 913 546
536 830 753
325 822 879
536 233 96
760 287 298
12 990 320
988 822 990
799 129 605
952 107 534
441 734 647
130 127 487
852 884 791
328 719 968
625 331 593
459 606 61
140 420 752
668 377 54
766 893 431
207 166 492
585 699 276
836 167 670
446 387 398
135 572 970
507 929 572
535 946 409
215 64 937
481 906 979
253 751 763
182 821 426
638 10 7
543 974 166
207 129 272
494 145 276
47 626 787
807 992 354
706 467 813
73 344 692
841 298 534
559 163 825
793 184 740
218 289 124
49 765 151
451 396 315
761 754 47
709 591 63
930 322 61
82 117 777
267 87 604
4 173 408
773 433 698
885 28 863
640 740 178
551 451 966
802 598 622
744 700 414
368 809 698
885 49 953
691 954 432
10 834 47
888 828 651
35 151 767
76 606 270
91 98 356
425 100 397
433 85 226
176 911 9
309 654 271
545 747 789
820 85 620
914 852 705
194 455 210
498 757 329
401 895 407
554 225 13
910 308 393
34 620 449
256 482 754
603 522 973
753 52 411
675 309 552
458 240 619
274 927 934
621 351 260
515 617 687
828 820 430
742 788 678
902 627 137
851 593 814
396 750 714
442 905 209
467 803 840
406 992 79
975 643 150
846 3 945
