Case #1: 6 4 4 6 8 8 11
Case #2: -1
Case #3: -1
Case #4: 6 3 3 5 9 9 12
Case #5: -1
Case #6: 9 3 3 3 3 5 5 5 6 8
Case #7: 7 1 1 1 5 5 11 17
Case #8: 15 1 1 1 1 1 1 1 1 1 1 1 1 1 1 27
Case #9: 6 3 5 6 9 9 9
Case #10: 4 5 10 10 16
Case #11: -1
Case #12: 3 2 3 36
Case #13: 32 1 1 1 1 1 1 1 1 1 1 1 1 1 1 1 1 1 1 1 1 1 1 1 1 1 1 1 1 1 1 1 10
Case #14: 6 2 6 6 6 8 13
Case #15: -1
Case #16: 9 3 3 3 3 3 5 6 6 9
Case #17: 7 4 5 5 5 5 5 12
Case #18: 5 3 5 8 11 14
Case #19: -1
Case #20: 7 4 4 5 5 6 8 9
Case #21: 6 2 3 5 9 9 13
Case #22: 4 7 8 12 14
Case #23: -1
Case #24: -1
Case #25: -1
Case #26: 6 6 6 6 7 7 9
Case #27: 6 4 4 5 6 6 16
Case #28: 4 2 3 4 32
Case #29: 6 5 6 6 8 8 8
Case #30: 6 4 5 6 6 8 12
Case #31: 7 3 4 4 4 7 8 11
Case #32: 21 1 1 1 1 1 1 1 1 1 1 1 1 1 1 1 1 1 1 1 11 11
Case #33: 8 3 4 4 6 6 6 6 6
Case #34: 5 1 1 9 15 15
Case #35: 10 2 3 3 3 3 3 3 5 7 9
Case #36: 23 1 1 1 1 1 1 1 1 1 1 1 1 1 1 1 1 1 1 1 1 1 3 17
Case #37: 5 3 3 8 12 15
Case #38: 7 3 3 5 6 7 8 9
Case #39: -1
Case #40: 8 4 4 4 5 6 6 6 6
Case #41: -1
Case #42: 6 1 1 2 5 16 16
Case #43: 5 2 3 3 16 17
Case #44: 4 7 7 11 16
Case #45: 6 5 6 7 7 8 8
Case #46: -1
Case #47: 13 1 1 1 1 1 1 1 1 1 1 1 4 26
Case #48: 6 4 4 6 6 9 12
Case #49: 10 1 1 1 1 1 1 1 1 1 32
Case #50: 5 3 5 8 10 15
Case #51: 22 1 1 1 1 1 1 1 1 1 1 1 1 1 1 1 1 1 1 1 1 7 14
Case #52: 6 2 5 5 9 10 10
Case #53: 7 2 3 5 7 8 8 8
Case #54: 8 3 3 5 5 5 5 5 10
Case #55: 17 1 1 1 1 1 1 1 1 1 1 1 1 1 1 1 2 24
Case #56: 8 4 4 4 4 4 5 7 9
Case #57: -1
Case #58: 8 1 2 5 5 5 7 7 9
Case #59: -1
Case #60: -1
Case #61: -1
Case #62: 4 3 7 8 23
Case #63: -1
Case #64: 5 4 5 9 10 13
Case #65: 9 3 3 3 3 3 3 6 7 10
Case #66: 7 4 4 5 5 7 7 9
Case #67: 6 2 5 6 9 9 10
Case #68: 33 1 1 1 1 1 1 1 1 1 1 1 1 1 1 1 1 1 1 1 1 1 1 1 1 1 1 1 1 1 1 1 1 9
Case #69: 6 4 5 5 6 7 14
Case #70: 5 6 6 7 9 13
Case #71: 6 3 3 6 6 9 14
Case #72: -1
Case #73: 6 3 4 6 6 9 13
Case #74: 4 2 3 18 18
Case #75: 6 1 1 1 1 2 35
Case #76: 4 5 9 12 15
Case #77: 6 4 4 6 7 9 11
Case #78: 8 3 4 4 4 4 7 7 8
Case #79: 4 1 10 15 15
Case #80: -1
Case #81: 4 2 5 12 22
Case #82: -1
Case #83: 5 3 8 9 9 12
Case #84: 8 3 3 3 3 5 6 9 9
Case #85: 4 3 7 12 19
Case #86: 8 1 1 1 1 1 1 1 34
Case #87: 9 3 3 3 3 3 5 5 6 10
Case #88: 4 1 10 10 20
Case #89: 5 6 6 8 10 11
Case #90: 5 3 4 8 9 17
Case #91: 9 2 3 4 4 4 4 5 7 8
Case #92: 6 2 6 7 7 7 12
Case #93: -1
Case #94: 6 2 5 5 7 9 13
Case #95: -1
Case #96: 5 8 8 8 8 9
Case #97: 3 9 16 16
Case #98: 7 2 3 4 4 7 8 13
Case #99: 4 3 11 11 16
Case #100: -1
Case #101: 3 5 9 27
Case #102: 6 2 6 7 8 9 9
Case #103: 6 3 4 4 8 11 11
Case #104: 7 3 3 4 7 7 7 10
Case #105: 5 5 6 6 12 12
Case #106: 5 3 3 8 10 17
Case #107: 3 10 10 21
Case #108: -1
Case #109: -1
Case #110: 6 2 5 5 8 9 12
Case #111: 4 1 3 7 30
Case #112: -1
Case #113: 6 2 4 6 8 8 13
Case #114: 4 1 11 14 15
Case #115: -1
Case #116: 6 1 1 2 9 13 15
Case #117: -1
Case #118: 3 11 12 18
Case #119: 4 2 6 12 21
Case #120: 7 3 3 6 6 7 7 9
Case #121: 6 2 7 7 7 8 10
Case #122: 3 6 14 21
Case #123: 6 3 6 6 6 9 11
Case #124: 6 2 4 5 8 9 13
Case #125: 6 3 6 6 7 7 12
Case #126: 9 3 3 3 3 3 4 4 9 9
Case #127: -1
Case #128: 4 1 4 11 25
Case #129: 5 4 5 9 11 12
Case #130: 5 4 7 7 7 16
Case #131: 6 1 1 2 5 9 23
Case #132: 5 4 5 8 9 15
Case #133: 6 5 5 6 6 8 11
Case #134: -1
Case #135: 5 6 6 8 9 12
Case #136: 7 3 4 4 4 5 8 13
Case #137: 4 2 10 14 15
Case #138: 7 1 1 1 1 3 7 27
Case #139: 10 1 1 1 1 1 1 1 1 4 29
Case #140: 8 4 4 5 5 5 6 6 6
Case #141: 8 3 3 3 3 3 8 9 9
Case #142: -1
Case #143: 9 1 1 1 1 1 1 1 4 30
Case #144: 5 3 6 6 9 17
Case #145: 5 4 5 6 10 16
Case #146: 7 3 4 5 5 6 9 9
Case #147: 5 4 7 7 9 14
Case #148: 7 2 3 6 6 6 9 9
Case #149: 3 10 15 16
Case #150: 7 4 6 6 6 6 6 7
Case #151: 10 2 3 4 4 4 4 4 4 4 8
Case #152: 3 6 16 19
Case #153: 5 3 4 4 14 16
Case #154: 9 1 1 1 1 1 1 1 2 32
Case #155: 7 4 4 4 6 7 8 8
Case #156: 6 2 4 5 9 10 11
Case #157: 4 2 10 13 16
Case #158: 7 3 4 4 4 8 9 9
Case #159: 7 3 3 4 5 5 10 11
Case #160: -1
Case #161: -1
Case #162: 8 2 4 5 5 6 6 6 7
Case #163: 4 3 8 10 20
Case #164: 6 2 3 7 8 8 13
Case #165: -1
Case #166: -1
Case #167: 5 1 7 10 10 13
Case #168: -1
Case #169: 7 2 3 5 5 6 9 11
Case #170: 5 1 1 1 2 36
Case #171: -1
Case #172: 6 2 5 7 9 9 9
Case #173: 7 3 3 5 6 7 7 10
Case #174: 7 1 4 4 4 8 8 12
Case #175: 4 2 9 10 20
Case #176: -1
Case #177: 6 6 6 6 7 8 8
Case #178: 5 3 3 3 7 25
Case #179: 4 9 10 10 12
Case #180: 7 2 3 5 6 6 8 11
Case #181: 5 6 7 7 9 12
Case #182: 3 9 14 18
Case #183: -1
Case #184: 6 4 6 6 6 7 12
Case #185: 3 10 11 20
Case #186: 6 5 5 5 5 9 12
Case #187: 5 3 6 6 11 15
Case #188: 4 3 8 12 18
Case #189: 4 3 5 13 20
Case #190: 6 2 3 4 5 8 19
Case #191: 7 2 3 5 6 8 8 9
Case #192: 3 6 10 25
Case #193: 4 1 2 14 24
Case #194: -1
Case #195: 5 1 2 7 10 21
Case #196: 7 3 3 3 6 6 9 11
Case #197: 7 4 4 5 6 6 7 9
Case #198: -1
Case #199: -1
Case #200: 7 3 3 4 6 6 9 10
Case #201: 5 7 7 7 10 10
Case #202: 5 5 7 9 10 10
Case #203: 6 4 4 4 5 8 16
Case #204: -1
Case #205: 8 2 4 5 6 6 6 6 6
Case #206: -1
Case #207: -1
Case #208: 6 2 5 6 7 8 13
Case #209: -1
Case #210: 7 5 6 6 6 6 6 6
Case #211: 5 3 9 9 10 10
Case #212: 6 1 4 4 4 12 16
Case #213: -1
Case #214: 8 3 3 3 3 6 6 8 9
Case #215: 5 5 6 7 11 12
Case #216: 5 5 5 6 10 15
Case #217: -1
Case #218: 4 8 10 11 12
Case #219: 3 7 7 27
Case #220: 4 3 6 10 22
Case #221: 5 1 1 2 15 22
Case #222: 5 3 5 5 8 20
Case #223: 7 4 5 5 6 6 7 8
Case #224: 5 2 6 7 8 18
Case #225: -1
Case #226: 6 2 3 8 8 10 10
Case #227: -1
Case #228: 5 3 3 8 9 18
Case #229: 7 2 3 5 6 7 9 9
Case #230: 6 2 7 7 8 8 9
Case #231: 5 3 3 10 12 13
Case #232: 3 7 10 24
Case #233: 5 3 3 4 12 19
Case #234: -1
Case #235: 4 2 8 10 21
Case #236: 4 2 5 16 18
Case #237: 4 2 3 15 21
Case #238: 8 3 3 4 4 5 6 8 8
Case #239: 7 3 4 5 5 8 8 8
Case #240: 4 3 6 11 21
Case #241: 10 1 4 4 4 4 4 4 4 4 8
Case #242: 7 5 5 6 6 6 6 7
Case #243: 9 3 3 3 4 5 5 6 6 6
Case #244: 16 1 1 1 1 1 1 1 1 1 1 1 1 1 1 2 25
Case #245: 5 3 4 8 13 13
Case #246: 6 2 7 8 8 8 8
Case #247: 6 4 4 6 7 8 12
Case #248: 8 1 1 1 1 1 1 3 32
Case #249: 6 2 4 4 7 8 16
Case #250: 5 1 1 1 6 32
Case #251: 8 3 5 5 5 5 6 6 6
Case #252: 5 5 5 9 10 12
Case #253: -1
Case #254: 6 1 3 6 8 11 12
Case #255: 6 3 3 5 7 11 12
Case #256: 9 3 4 4 4 4 4 4 5 9
Case #257: 5 3 5 8 8 17
Case #258: 25 1 1 1 1 1 1 1 1 1 1 1 1 1 1 1 1 1 1 1 1 1 1 1 3 15
Case #259: 4 4 11 12 14
Case #260: 4 3 10 10 18
Case #261: 17 1 1 1 1 1 1 1 1 1 1 1 1 1 1 1 1 25
Case #262: 7 1 1 1 1 2 9 26
Case #263: 5 3 3 4 13 18
Case #264: -1
Case #265: 19 1 1 1 1 1 1 1 1 1 1 1 1 1 1 1 1 1 7 17
Case #266: 5 2 5 8 10 16
Case #267: 6 5 5 6 8 8 9
Case #268: 7 3 4 5 6 6 6 11
Case #269: 5 5 7 8 8 13
Case #270: 7 2 3 4 5 6 8 13
Case #271: 7 4 5 6 6 6 6 8
Case #272: -1
Case #273: 8 1 1 1 1 1 1 4 31
Case #274: 6 4 5 5 7 8 12
Case #275: 5 1 3 6 9 22
Case #276: 6 4 6 6 6 9 10
Case #277: -1
Case #278: 3 8 15 18
Case #279: 8 3 3 4 4 5 6 7 9
Case #280: 13 1 1 1 1 1 1 1 1 1 1 3 7 21
Case #281: 4 5 8 10 18
Case #282: 4 3 8 14 16
Case #283: 7 2 3 5 7 7 8 9
Case #284: 2 20 21
Case #285: 4 6 8 9 18
Case #286: -1
Case #287: -1
Case #288: 3 1 10 30
Case #289: -1
Case #290: -1
Case #291: -1
Case #292: 41 1 1 1 1 1 1 1 1 1 1 1 1 1 1 1 1 1 1 1 1 1 1 1 1 1 1 1 1 1 1 1 1 1 1 1 1 1 1 1 1 1
Case #293: 4 1 1 2 37
Case #294: 6 3 4 5 6 7 16
Case #295: 4 2 5 13 21
Case #296: 6 2 3 5 8 10 13
Case #297: 22 1 1 1 1 1 1 1 1 1 1 1 1 1 1 1 1 1 1 1 1 1 20
Case #298: 5 2 6 8 8 17
Case #299: -1
Case #300: 6 2 6 6 7 9 11
Case #301: 13 1 1 1 1 1 1 1 1 1 1 1 3 27
Case #302: 7 3 4 4 6 7 7 10
Case #303: 4 2 6 13 20
Case #304: 5 1 1 11 14 14
Case #305: 5 3 3 6 7 22
Case #306: -1
Case #307: -1
Case #308: 5 4 8 9 9 11
Case #309: -1
Case #310: 5 4 7 10 10 10
Case #311: 8 2 3 4 4 6 7 7 8
Case #312: 8 4 4 4 4 5 6 6 8
Case #313: 5 1 5 5 10 20
Case #314: -1
Case #315: 4 5 8 9 19
Case #316: 25 1 1 1 1 1 1 1 1 1 1 1 1 1 1 1 1 1 1 1 1 1 1 1 7 11
Case #317: 7 5 5 5 5 6 6 9
Case #318: 4 1 7 16 17
Case #319: 6 2 3 5 7 11 13
Case #320: 4 1 1 7 32
Case #321: -1
Case #322: 5 1 1 6 16 17
Case #323: 4 1 1 1 38
Case #324: 8 1 1 3 3 5 5 10 13
Case #325: 3 5 12 24
Case #326: 5 4 5 6 6 20
Case #327: 2 2 39
Case #328: 6 4 5 6 7 7 12
Case #329: 4 10 10 10 11
Case #330: 4 1 12 14 14
Case #331: 6 2 3 3 5 7 21
Case #332: 9 3 3 4 4 4 5 6 6 6
Case #333: 9 2 3 4 4 5 5 5 5 8
Case #334: 6 4 4 5 7 9 12
Case #335: -1
Case #336: 4 6 6 11 18
Case #337: 5 3 7 7 8 16
Case #338: -1
Case #339: 8 3 3 3 3 5 7 7 10
Case #340: 3 8 9 24
Case #341: -1
Case #342: 6 4 4 5 6 10 12
Case #343: 9 3 4 4 4 4 4 5 5 8
Case #344: -1
Case #345: 4 5 9 9 18
Case #346: -1
Case #347: 6 1 1 1 1 3 34
Case #348: 7 3 6 6 6 6 6 8
Case #349: 7 3 4 5 5 7 8 9
Case #350: 21 1 1 1 1 1 1 1 1 1 1 1 1 1 1 1 1 1 1 1 3 19
Case #351: 8 4 4 4 4 4 4 5 12
Case #352: 5 5 7 7 10 12
Case #353: 9 4 4 4 4 4 4 4 5 8
Case #354: -1
Case #355: 9 3 3 4 4 4 4 4 5 10
Case #356: 3 1 2 38
Case #357: 6 2 3 5 5 5 21
Case #358: 36 1 1 1 1 1 1 1 1 1 1 1 1 1 1 1 1 1 1 1 1 1 1 1 1 1 1 1 1 1 1 1 1 1 1 1 6
Case #359: 11 1 1 1 1 1 1 1 1 1 5 27
Case #360: -1
Case #361: 6 4 5 5 8 8 11
Case #362: 5 3 5 6 13 14
Case #363: 6 2 3 6 8 11 11
Case #364: 7 2 4 5 5 7 8 10
Case #365: -1
Case #366: 6 1 8 8 8 8 8
Case #367: 5 3 3 3 5 27
Case #368: 6 1 3 5 5 9 18
Case #369: 6 5 5 5 7 9 10
Case #370: 6 2 3 8 8 9 11
Case #371: 4 5 6 8 22
Case #372: 6 3 5 5 7 8 13
Case #373: -1
Case #374: 5 3 6 7 7 18
Case #375: 5 3 5 6 11 16
Case #376: 6 3 4 5 7 10 12
Case #377: 5 1 4 4 8 24
Case #378: 6 1 1 4 5 14 16
Case #379: 4 5 9 11 16
Case #380: -1
Case #381: 29 1 1 1 1 1 1 1 1 1 1 1 1 1 1 1 1 1 1 1 1 1 1 1 1 1 1 1 1 13
Case #382: 24 1 1 1 1 1 1 1 1 1 1 1 1 1 1 1 1 1 1 1 1 1 1 1 18
Case #383: 6 1 2 8 10 10 10
Case #384: 27 1 1 1 1 1 1 1 1 1 1 1 1 1 1 1 1 1 1 1 1 1 1 1 1 1 1 15
Case #385: 34 1 1 1 1 1 1 1 1 1 1 1 1 1 1 1 1 1 1 1 1 1 1 1 1 1 1 1 1 1 1 1 1 1 8
Case #386: 6 4 6 6 6 8 11
Case #387: 8 3 4 4 5 6 6 6 7
Case #388: 7 3 4 6 6 6 8 8
Case #389: 4 5 5 10 21
Case #390: 5 3 5 5 14 14
Case #391: 7 2 3 4 6 7 8 11
Case #392: 6 2 4 6 9 9 11
Case #393: 6 4 4 6 6 10 11
Case #394: -1
Case #395: 7 2 3 3 5 6 9 13
Case #396: 2 5 36
Case #397: 4 3 5 6 27
Case #398: 6 2 6 6 8 9 10
Case #399: 7 2 3 5 6 7 8 10
Case #400: -1
Case #401: 3 5 16 20
Case #402: 6 1 3 7 7 7 16
Case #403: 4 7 8 8 18
Case #404: 5 3 6 8 11 13
Case #405: 5 3 3 11 12 12
Case #406: 5 4 5 9 9 14
Case #407: 5 1 1 9 9 21
Case #408: 6 3 5 5 7 9 12
Case #409: 2 9 32
Case #410: 5 2 4 8 11 16
Case #411: -1
Case #412: 5 1 10 10 10 10
Case #413: 6 1 1 1 3 11 24
Case #414: 6 6 6 6 6 6 11
Case #415: -1
Case #416: 5 3 6 6 8 18
Case #417: 5 3 7 8 9 14
Case #418: 4 5 6 14 16
Case #419: -1
Case #420: 4 3 7 13 18
Case #421: 5 6 6 6 9 14
Case #422: 20 1 1 1 1 1 1 1 1 1 1 1 1 1 1 1 1 1 1 2 21
Case #423: 10 1 1 1 1 1 1 1 1 3 30
Case #424: 4 5 10 11 15
Case #425: -1
Case #426: 4 6 10 10 15
Case #427: 5 5 6 9 9 12
Case #428: 6 1 1 5 5 13 16
Case #429: 4 2 9 15 15
Case #430: 5 2 7 8 10 14
Case #431: 6 2 6 8 8 8 9
Case #432: 6 5 5 6 6 6 13
Case #433: -1
Case #434: 11 1 1 1 1 1 1 1 1 1 1 31
Case #435: 7 4 5 5 5 6 8 8
Case #436: 8 3 3 5 6 6 6 6 6
Case #437: 4 7 8 11 15
Case #438: 6 1 1 4 5 10 20
Case #439: 4 7 9 10 15
Case #440: -1
Case #441: 5 3 5 5 6 22
Case #442: 17 1 1 1 1 1 1 1 1 1 1 1 1 1 1 1 3 23
Case #443: 4 7 10 12 12
Case #444: 12 1 1 1 1 1 1 1 1 1 1 2 29
Case #445: 8 2 4 4 5 5 5 8 8
Case #446: 3 1 17 23
Case #447: 16 1 1 1 1 1 1 1 1 1 1 1 1 1 1 6 21
Case #448: 21 1 1 1 1 1 1 1 1 1 1 1 1 1 1 1 1 1 1 1 1 21
Case #449: 6 3 6 6 7 9 10
Case #450: 6 1 1 1 1 5 32
Case #451: 7 4 4 4 5 8 8 8
Case #452: -1
Case #453: 28 1 1 1 1 1 1 1 1 1 1 1 1 1 1 1 1 1 1 1 1 1 1 1 1 1 1 1 14
Case #454: 4 3 6 8 24
Case #455: -1
Case #456: 6 2 4 4 5 10 16
Case #457: 5 5 8 8 8 12
Case #458: -1
Case #459: 4 5 8 8 20
Case #460: 8 2 4 4 5 5 6 7 8
Case #461: 7 3 3 3 5 9 9 9
Case #462: 10 2 3 3 3 3 3 3 6 6 9
Case #463: 7 3 3 4 7 7 8 9
Case #464: 8 2 3 4 4 4 5 8 11
Case #465: 3 10 13 18
Case #466: 8 3 3 3 3 3 3 10 13
Case #467: 5 1 4 7 13 16
Case #468: 21 1 1 1 1 1 1 1 1 1 1 1 1 1 1 1 1 1 1 1 9 13
Case #469: -1
Case #470: 6 4 4 4 9 9 11
Case #471: 5 3 3 3 14 18
Case #472: 11 1 1 1 1 1 1 1 1 1 3 29
Case #473: 8 3 4 4 5 5 5 7 8
Case #474: 8 2 3 4 5 5 7 7 8
Case #475: 4 1 1 3 36
Case #476: 5 6 8 8 9 10
Case #477: 5 1 1 2 9 28
Case #478: 8 2 3 4 4 4 8 8 8
Case #479: -1
Case #480: 7 3 3 5 6 6 9 9
Case #481: 7 2 3 5 5 8 8 10
Case #482: 8 1 1 1 1 1 3 7 26
Case #483: 5 2 3 9 9 18
Case #484: 4 4 9 14 14
Case #485: 5 5 7 8 9 12
Case #486: 6 6 6 6 6 7 10
Case #487: 4 4 6 10 21
Case #488: 4 2 7 16 16
Case #489: 38 1 1 1 1 1 1 1 1 1 1 1 1 1 1 1 1 1 1 1 1 1 1 1 1 1 1 1 1 1 1 1 1 1 1 1 1 1 4
Case #490: 4 4 6 9 22
Case #491: 6 1 2 7 10 10 11
Case #492: 7 3 3 4 7 8 8 8
Case #493: -1
Case #494: 4 5 8 12 16
Case #495: 5 4 5 10 10 12
Case #496: -1
Case #497: 5 3 5 6 12 15
Case #498: 10 2 3 3 3 3 3 5 5 5 9
Case #499: 4 8 9 12 12
Case #500: 9 2 3 3 4 5 6 6 6 6
Case #501: -1
Case #502: 3 4 5 32
Case #503: 5 6 8 8 8 11
Case #504: 4 1 5 17 18
Case #505: 4 3 7 11 20
Case #506: 6 3 3 5 5 12 13
Case #507: 6 4 5 6 6 10 10
Case #508: -1
Case #509: -1
Case #510: 4 3 3 16 19
Case #511: 7 1 1 1 1 1 1 35
Case #512: 6 4 5 6 7 9 10
Case #513: 5 1 4 5 5 26
Case #514: 5 5 8 8 10 10
Case #515: 11 1 4 4 4 4 4 4 4 4 4 4
Case #516: 4 2 6 15 18
Case #517: 4 2 6 9 24
Case #518: 7 2 5 5 5 8 8 8
Case #519: 5 3 3 6 13 16
Case #520: 4 1 1 5 34
Case #521: 6 2 6 7 8 8 10
Case #522: 5 5 6 7 9 14
Case #523: -1
Case #524: 5 3 4 7 8 19
Case #525: 4 5 10 12 14
Case #526: 6 2 3 3 3 3 27
Case #527: 5 3 3 6 10 19
Case #528: 3 5 17 19
Case #529: -1
Case #530: 5 6 7 9 9 10
Case #531: 8 3 3 3 4 4 8 8 8
Case #532: 5 6 6 6 7 16
Case #533: 6 1 4 4 4 14 14
Case #534: 6 1 2 5 9 11 13
Case #535: 7 2 3 6 6 7 8 9
Case #536: 5 3 8 8 8 14
Case #537: 4 6 8 8 19
Case #538: 6 4 4 5 6 9 13
Case #539: -1
Case #540: -1
Case #541: 3 3 16 22
Case #542: 9 3 4 4 4 4 4 4 4 10
Case #543: 2 1 40
Case #544: -1
Case #545: -1
Case #546: 8 1 1 1 1 1 1 2 33
Case #547: 7 4 5 5 5 6 6 10
Case #548: 5 2 7 8 9 15
Case #549: 8 3 3 3 5 5 5 8 9
Case #550: 8 4 4 4 4 4 4 8 9
Case #551: 4 2 8 9 22
Case #552: 3 5 6 30
Case #553: -1
Case #554: 6 1 1 1 1 1 36
Case #555: 6 4 5 5 5 6 16
Case #556: 6 4 5 5 6 6 15
Case #557: 4 2 6 16 17
Case #558: -1
Case #559: 5 6 6 9 9 11
Case #560: 5 3 3 10 11 14
Case #561: 15 1 1 1 1 1 1 1 1 1 1 1 1 1 3 25
Case #562: 16 1 1 1 1 1 1 1 1 1 1 1 1 1 1 5 22
Case #563: 7 3 4 5 5 6 6 12
Case #564: 5 2 7 8 12 12
Case #565: 6 5 5 6 7 9 9
Case #566: 4 8 8 9 16
Case #567: 5 2 5 5 14 15
Case #568: -1
Case #569: 5 3 5 7 10 16
Case #570: 7 3 4 4 5 5 10 10
Case #571: 4 5 7 9 20
Case #572: 6 2 5 5 9 9 11
Case #573: 6 2 6 6 6 7 14
Case #574: 7 1 1 1 5 7 7 19
Case #575: 7 3 4 4 5 7 8 10
Case #576: 4 3 8 9 21
Case #577: -1
Case #578: 5 6 6 9 10 10
Case #579: 3 3 6 32
Case #580: 6 2 5 7 8 8 11
Case #581: 5 1 1 1 19 19
Case #582: 6 3 5 6 6 10 11
Case #583: 6 2 3 3 9 9 15
Case #584: 6 4 6 6 8 8 9
Case #585: 6 2 5 7 7 10 10
Case #586: 6 2 5 6 6 9 13
Case #587: 5 1 3 8 10 19
Case #588: 8 3 3 5 5 5 6 6 8
Case #589: -1
Case #590: 13 1 1 1 1 1 1 1 1 1 1 5 7 19
Case #591: 5 2 7 8 8 16
Case #592: 7 1 1 1 1 1 2 34
Case #593: 6 3 4 4 5 8 17
Case #594: 29 1 1 1 1 1 1 1 1 1 1 1 1 1 1 1 1 1 1 1 1 1 1 1 1 1 1 1 7 7
Case #595: -1
Case #596: -1
Case #597: 5 4 5 7 12 13
Case #598: 7 4 4 5 6 6 8 8
Case #599: 13 1 1 1 1 1 1 1 1 1 1 1 1 29
Case #600: 7 2 3 4 5 8 8 11
Case #601: -1
Case #602: 6 4 5 6 8 8 10
Case #603: 7 1 1 1 3 5 15 15
Case #604: -1
Case #605: 19 1 1 1 1 1 1 1 1 1 1 1 1 1 1 1 1 1 5 19
Case #606: 4 5 7 11 18
Case #607: 5 1 3 6 8 23
Case #608: 6 3 5 5 5 11 12
Case #609: 5 5 6 7 8 15
Case #610: -1
Case #611: -1
Case #612: -1
Case #613: 6 3 4 5 6 9 14
Case #614: -1
Case #615: 7 2 3 5 6 6 9 10
Case #616: 3 2 14 25
Case #617: 23 1 1 1 1 1 1 1 1 1 1 1 1 1 1 1 1 1 1 1 1 1 7 13
Case #618: 6 1 2 7 8 10 13
Case #619: 6 4 4 4 6 10 13
Case #620: 6 2 6 7 7 9 10
Case #621: 5 3 4 6 12 16
Case #622: -1
Case #623: 8 2 5 5 5 5 5 6 8
Case #624: 5 5 6 8 8 14
Case #625: 7 3 5 5 6 6 7 9
Case #626: 12 1 1 1 1 1 1 1 1 1 1 3 28
Case #627: 5 4 5 7 10 15
Case #628: 8 4 4 4 4 4 5 8 8
Case #629: -1
Case #630: 16 1 1 1 1 1 1 1 1 1 1 1 1 1 1 1 26
Case #631: 3 6 17 18
Case #632: 8 3 3 4 4 4 6 7 10
Case #633: 4 1 3 8 29
Case #634: 6 4 5 8 8 8 8
Case #635: 6 4 6 6 7 8 10
Case #636: 5 3 6 7 12 13
Case #637: 4 4 7 10 20
Case #638: 5 4 5 6 11 15
Case #639: 13 1 1 1 1 1 1 1 1 1 1 7 11 13
Case #640: 5 3 3 6 12 17
Case #641: -1
Case #642: 3 7 14 20
Case #643: -1
Case #644: 6 4 5 5 6 9 12
Case #645: 6 5 5 6 7 8 10
Case #646: 7 3 4 4 4 6 10 10
Case #647: 10 3 3 3 3 3 3 5 6 6 6
Case #648: 5 1 1 3 17 19
Case #649: 7 3 3 4 5 6 10 10
Case #650: 5 3 3 4 5 26
Case #651: 6 4 4 6 9 9 9
Case #652: 3 6 15 20
Case #653: 5 3 6 7 8 17
Case #654: -1
Case #655: 5 4 4 7 10 16
Case #656: 6 2 3 5 5 11 15
Case #657: 7 4 5 6 6 6 7 7
Case #658: 8 3 3 4 4 5 5 7 10
Case #659: 7 3 4 4 6 6 8 10
Case #660: 5 3 5 9 12 12
Case #661: 6 2 6 6 7 8 12
Case #662: 5 3 5 8 12 13
Case #663: 6 4 6 7 8 8 8
Case #664: 27 1 1 1 1 1 1 1 1 1 1 1 1 1 1 1 1 1 1 1 1 1 1 1 1 1 5 11
Case #665: 5 6 7 8 10 10
Case #666: 6 2 3 4 8 8 16
Case #667: 6 5 6 6 6 9 9
Case #668: 5 5 6 9 10 11
Case #669: 21 1 1 1 1 1 1 1 1 1 1 1 1 1 1 1 1 1 1 1 5 17
Case #670: 5 1 4 7 8 21
Case #671: 7 4 4 6 6 6 7 8
Case #672: 25 1 1 1 1 1 1 1 1 1 1 1 1 1 1 1 1 1 1 1 1 1 1 1 1 17
Case #673: -1
Case #674: 19 1 1 1 1 1 1 1 1 1 1 1 1 1 1 1 1 1 3 21
Case #675: -1
Case #676: 6 1 2 5 7 9 17
Case #677: 7 2 4 4 7 8 8 8
Case #678: 5 4 5 8 12 12
Case #679: 5 2 3 5 8 23
Case #680: 6 1 2 4 5 13 16
Case #681: 7 5 5 5 5 5 8 8
Case #682: 5 3 3 8 11 16
Case #683: 6 3 5 7 7 9 10
Case #684: 7 2 3 5 5 7 8 11
Case #685: -1
Case #686: 3 6 11 24
Case #687: 5 3 4 6 14 14
Case #688: 5 4 5 6 8 18
Case #689: 14 1 1 1 1 1 1 1 1 1 1 1 1 2 27
Case #690: -1
Case #691: 6 5 5 5 5 5 16
Case #692: -1
Case #693: 7 1 1 3 3 3 15 15
Case #694: -1
Case #695: 8 3 3 3 4 6 6 7 9
Case #696: 6 2 5 5 7 10 12
Case #697: -1
Case #698: 7 3 4 6 6 6 7 9
Case #699: 6 3 4 6 9 9 10
Case #700: 5 6 7 8 8 12
Case #701: 7 4 4 5 5 5 6 12
Case #702: 5 5 6 8 9 13
Case #703: 4 3 7 7 24
Case #704: 9 1 1 1 1 1 1 3 5 27
Case #705: 6 4 4 5 5 11 12
Case #706: -1
Case #707: 8 3 3 3 3 3 5 10 11
Case #708: 7 3 4 4 6 6 9 9
Case #709: 6 2 3 4 8 11 13
Case #710: 7 1 4 4 8 8 8 8
Case #711: 8 4 4 4 4 4 5 6 10
Case #712: 6 1 1 1 7 9 22
Case #713: 3 12 14 15
Case #714: 8 3 3 5 5 6 6 6 7
Case #715: 8 2 3 5 5 5 5 8 8
Case #716: 6 3 4 5 7 8 14
Case #717: 8 2 4 5 5 5 5 6 9
Case #718: -1
Case #719: -1
Case #720: 6 2 6 6 8 8 11
Case #721: 37 1 1 1 1 1 1 1 1 1 1 1 1 1 1 1 1 1 1 1 1 1 1 1 1 1 1 1 1 1 1 1 1 1 1 1 1 5
Case #722: 8 4 4 4 5 5 5 5 9
Case #723: 6 2 4 6 8 9 12
Case #724: 5 5 5 5 10 16
Case #725: -1
Case #726: 7 2 3 5 5 5 8 13
Case #727: 5 3 6 9 11 12
Case #728: 7 2 3 7 7 7 7 8
Case #729: 5 3 6 8 12 12
Case #730: 6 3 5 7 7 7 12
Case #731: 4 3 11 12 15
Case #732: 14 1 1 1 1 1 1 1 1 1 1 1 1 1 28
Case #733: 6 3 3 7 7 9 12
Case #734: 4 5 6 15 15
Case #735: 5 3 5 6 8 19
Case #736: 4 3 8 13 17
Case #737: -1
Case #738: -1
Case #739: 8 3 3 3 5 6 6 6 9
Case #740: 4 1 6 7 27
Case #741: 6 5 6 6 6 7 11
Case #742: 4 6 8 11 16
Case #743: -1
Case #744: 4 6 6 14 15
Case #745: 6 1 1 3 8 11 17
Case #746: 5 1 3 7 8 22
Case #747: 6 2 3 7 9 10 10
Case #748: 10 2 3 3 3 3 4 5 6 6 6
Case #749: 5 1 4 9 13 14
Case #750: 8 2 4 5 5 5 6 6 8
Case #751: 8 3 4 5 5 6 6 6 6
Case #752: 5 7 7 8 9 10
Case #753: 7 3 4 6 6 7 7 8
Case #754: 5 3 3 7 14 14
Case #755: 4 7 10 10 14
Case #756: -1
Case #757: 6 2 3 6 8 9 13
Case #758: 5 1 5 10 10 15
Case #759: 19 1 1 1 1 1 1 1 1 1 1 1 1 1 1 1 1 1 4 20
Case #760: 7 1 1 1 1 1 17 19
Case #761: 6 1 3 7 8 11 11
Case #762: -1
Case #763: -1
Case #764: 7 2 3 6 6 8 8 8
Case #765: 7 2 3 5 6 6 6 13
Case #766: 6 5 5 6 6 9 10
Case #767: -1
Case #768: 8 3 3 4 4 4 6 8 9
Case #769: 7 3 4 5 6 7 8 8
Case #770: 6 4 5 6 6 9 11
Case #771: 15 1 1 1 1 1 1 1 1 1 1 1 1 1 2 26
Case #772: 6 3 5 7 7 8 11
Case #773: 8 2 3 3 3 5 5 5 15
Case #774: 7 3 4 4 5 6 8 11
Case #775: -1
Case #776: 4 2 11 14 14
Case #777: 3 7 12 22
Case #778: 3 2 9 30
Case #779: -1
Case #780: 6 2 3 5 6 8 17
Case #781: -1
Case #782: 17 1 1 1 1 1 1 1 1 1 1 1 1 1 1 1 4 22
Case #783: -1
Case #784: 13 1 1 1 1 1 1 1 1 1 1 1 5 25
Case #785: -1
Case #786: -1
Case #787: 7 3 4 4 7 7 8 8
Case #788: 8 3 3 3 3 5 7 8 9
Case #789: 5 3 3 10 10 15
Case #790: 6 2 3 5 9 11 11
Case #791: 4 5 6 12 18
Case #792: 4 6 11 12 12
Case #793: 4 3 9 11 18
Case #794: 12 1 1 1 1 1 1 1 1 1 1 1 30
Case #795: 8 1 1 1 2 9 9 9 9
Case #796: 5 1 2 5 16 17
Case #797: 7 3 4 5 7 7 7 8
Case #798: 9 3 3 3 3 5 6 6 6 6
Case #799: 4 1 7 9 24
Case #800: 7 3 4 6 6 6 6 10
Case #801: 6 2 6 6 9 9 9
Case #802: 9 1 1 1 1 1 1 1 1 33
Case #803: 7 5 5 5 6 6 6 8
Case #804: 9 2 3 4 4 4 4 4 8 8
Case #805: 5 3 3 5 5 25
Case #806: 5 2 3 9 10 17
Case #807: 6 3 4 5 6 11 12
Case #808: 5 3 4 11 11 12
Case #809: 7 3 4 4 4 5 10 11
Case #810: -1
Case #811: -1
Case #812: 16 1 1 1 1 1 1 1 1 1 1 1 1 1 1 4 23
Case #813: 7 4 4 5 5 6 7 10
Case #814: -1
Case #815: 10 1 1 1 1 1 1 1 1 2 31
Case #816: 6 2 3 4 7 8 17
Case #817: 6 2 3 6 9 10 11
Case #818: 6 1 4 4 4 8 20
Case #819: 9 1 1 1 1 1 1 1 3 31
Case #820: 8 3 3 4 4 6 6 6 9
Case #821: 5 4 5 7 7 18
Case #822: 8 2 3 4 4 5 7 8 8
Case #823: -1
Case #824: 4 4 10 11 16
Case #825: -1
Case #826: 6 2 5 5 8 8 13
Case #827: 4 3 3 3 32
Case #828: 6 2 5 5 5 9 15
Case #829: -1
Case #830: -1
Case #831: -1
Case #832: 4 3 7 10 21
Case #833: 3 2 6 33
Case #834: 5 5 9 9 9 9
Case #835: 5 3 4 7 13 14
Case #836: 3 2 7 32
Case #837: 4 5 12 12 12
Case #838: 9 3 3 3 3 3 5 6 7 8
Case #839: 4 1 4 15 21
Case #840: 11 1 1 1 1 1 1 1 1 1 4 28
Case #841: 35 1 1 1 1 1 1 1 1 1 1 1 1 1 1 1 1 1 1 1 1 1 1 1 1 1 1 1 1 1 1 1 1 1 1 7
Case #842: 6 1 2 5 5 9 19
Case #843: 4 7 7 9 18
Case #844: 7 1 1 1 1 1 4 32
Case #845: -1
Case #846: 9 3 3 3 4 4 4 4 8 8
Case #847: 6 1 3 5 9 10 13
Case #848: -1
Case #849: 8 3 3 4 4 5 6 6 10
Case #850: 8 3 3 3 3 5 5 9 10
Case #851: 5 4 5 8 8 16
Case #852: -1
Case #853: 8 3 3 4 5 5 6 6 9
Case #854: 4 3 5 12 21
Case #855: 7 4 4 5 5 5 9 9
Case #856: 4 3 5 8 25
Case #857: -1
Case #858: 6 2 3 8 9 9 10
Case #859: 6 1 1 1 3 16 19
Case #860: 6 3 4 7 8 8 11
Case #861: 8 4 4 4 4 4 6 6 9
Case #862: 6 6 6 6 6 8 9
Case #863: 5 3 5 6 6 21
Case #864: 7 3 5 6 6 6 6 9
Case #865: 4 7 8 10 16
Case #866: -1
Case #867: 7 3 4 5 5 5 8 11
Case #868: 4 1 5 16 19
Case #869: 7 2 4 5 7 7 8 8
Case #870: 3 5 18 18
Case #871: 6 3 7 7 8 8 8
Case #872: 6 2 5 7 7 9 11
Case #873: -1
Case #874: 26 1 1 1 1 1 1 1 1 1 1 1 1 1 1 1 1 1 1 1 1 1 1 1 1 1 16
Case #875: -1
Case #876: 5 1 1 1 1 37
Case #877: 13 1 1 1 1 1 1 1 1 1 1 1 2 28
Case #878: 19 1 1 1 1 1 1 1 1 1 1 1 1 1 1 1 1 1 2 22
Case #879: 5 2 5 8 12 14
Case #880: 7 3 4 4 6 7 8 9
Case #881: 5 3 8 8 9 13
Case #882: 5 4 5 6 12 14
Case #883: 4 3 6 16 16
Case #884: 7 2 3 5 5 7 9 10
Case #885: 3 1 3 37
Case #886: -1
Case #887: 7 3 4 5 5 5 5 14
Case #888: 6 4 4 5 8 8 12
Case #889: 6 2 3 5 5 9 17
Case #890: 7 4 4 5 5 7 8 8
Case #891: -1
Case #892: 8 3 3 3 5 5 5 7 10
Case #893: 20 1 1 1 1 1 1 1 1 1 1 1 1 1 1 1 1 1 1 1 22
Case #894: 5 3 7 10 10 11
Case #895: 6 4 5 5 9 9 9
Case #896: 7 1 1 1 1 1 3 33
Case #897: -1
Case #898: -1
Case #899: 4 1 3 10 27
Case #900: -1
Case #901: 8 3 5 5 5 5 5 5 8
Case #902: 6 2 4 7 8 10 10
Case #903: 4 4 5 16 16
Case #904: 9 3 3 4 4 4 4 5 5 9
Case #905: -1
Case #906: 6 5 5 5 6 6 14
Case #907: 6 5 5 7 8 8 8
Case #908: 7 3 5 5 5 5 6 12
Case #909: 40 1 1 1 1 1 1 1 1 1 1 1 1 1 1 1 1 1 1 1 1 1 1 1 1 1 1 1 1 1 1 1 1 1 1 1 1 1 1 1 2
Case #910: 5 2 3 8 11 17
Case #911: 8 1 1 1 1 1 3 16 17
Case #912: -1
Case #913: 5 6 6 8 8 13
Case #914: 4 2 7 8 24
Case #915: 9 1 1 1 1 1 1 1 7 27
Case #916: 15 1 1 1 1 1 1 1 1 1 1 1 1 1 5 23
Case #917: 8 1 1 3 7 7 7 7 8
Case #918: 6 3 7 7 7 8 9
Case #919: 7 3 4 4 4 8 8 10
Case #920: -1
Case #921: 7 2 3 6 7 7 8 8
Case #922: 3 7 16 18
Case #923: 4 3 6 12 20
Case #924: 31 1 1 1 1 1 1 1 1 1 1 1 1 1 1 1 1 1 1 1 1 1 1 1 1 1 1 1 1 1 1 11
Case #925: 18 1 1 1 1 1 1 1 1 1 1 1 1 1 1 1 1 2 23
Case #926: 8 3 3 4 4 4 5 8 10
Case #927: -1
Case #928: 6 4 4 8 8 8 9
Case #929: 5 1 1 1 3 35
Case #930: 7 3 4 4 6 8 8 8
Case #931: 8 4 4 4 4 5 5 6 9
Case #932: 4 3 9 13 16
Case #933: 5 3 7 8 11 12
Case #934: 3 11 13 17
Case #935: 6 1 1 1 2 17 19
Case #936: 19 1 1 1 1 1 1 1 1 1 1 1 1 1 1 1 1 1 1 23
Case #937: 7 2 3 4 8 8 8 8
Case #938: 5 5 6 8 10 12
Case #939: 11 1 1 1 1 1 1 1 1 1 2 30
Case #940: -1
Case #941: 5 3 6 8 8 16
Case #942: 25 1 1 1 1 1 1 1 1 1 1 1 1 1 1 1 1 1 1 1 1 1 1 1 5 13
Case #943: 4 2 3 16 20
Case #944: 3 4 9 28
Case #945: -1
Case #946: -1
Case #947: 7 3 4 4 5 5 9 11
Case #948: -1
Case #949: 39 1 1 1 1 1 1 1 1 1 1 1 1 1 1 1 1 1 1 1 1 1 1 1 1 1 1 1 1 1 1 1 1 1 1 1 1 1 1 3
Case #950: 6 4 5 5 7 10 10
Case #951: 7 4 5 5 6 6 6 9
Case #952: -1
Case #953: 6 4 6 6 7 9 9
Case #954: -1
Case #955: 18 1 1 1 1 1 1 1 1 1 1 1 1 1 1 1 1 1 24
Case #956: 4 3 10 12 16
Case #957: -1
Case #958: 4 2 9 14 16
Case #959: 5 3 8 8 11 11
Case #960: 4 8 8 10 15
